\\Phy-atlas-nas\ATLAS-lab\Metrology\Xu_R1_Routine_Test\20230328-full.mxi Listing
Step  Feature        X/R Location  Y/A Location  Z Location    Size    Reference  
================================================================================  
   1  Point           +006.3478    +116.0836   +023.6385                          
   2  Point           +006.5645    +116.1128   +023.6381                          
   3  Point           +006.2928    +116.0098   +023.6381                          
   4  Point           +006.3109    +115.8835   +023.6381                          
   5  Point           +120.8110    +117.3582   +023.5744                          
   6  Point           +121.0546    +117.3359   +023.5754                          
   7  Point           +121.0955    +117.2930   +023.5754                          
   8  Point           +121.0854    +117.1156   +023.5754                          
   9  Point           +115.1777    +032.6377   +023.5714                          
  10  Point           +115.1682    +032.4868   +023.5709                          
  11  Point           +115.0837    +032.3884   +023.5709                          
  12  Point           +114.8513    +032.3962   +023.5709                          
  13  Point           +017.5555    +031.6614   +023.6323                          
  14  Point           +017.3463    +031.6387   +023.6318                          
  15  Point           +017.1855    +031.8380   +023.6318                          
  16  Point           +017.2024    +031.6846   +023.6318                          
  17  Line            +006.4561    +116.0982   +023.6383   +007.6652   1 2        
  18  Line            +006.3018    +115.9467   +023.6381   +278.1690   3 4        
  19  Line            +120.9328    +117.3470   +023.5749   +354.7770   5 6        
  20  Line            +121.0905    +117.2043   +023.5754   +266.7350   7 8        
  21  Line            +115.1729    +032.5622   +023.5711   +266.4040   9 10       
  22  Line            +114.9675    +032.3923   +023.5709   +178.0842   11 12      
  23  Line            +017.4509    +031.6501   +023.6321   +186.1998   13 14      
  24  Line            +017.1940    +031.7613   +023.6318   +276.2947   15 16      
  25  Intersection    +006.2834    +116.0750   +023.6381   +089.4962   18 17      
  26  Intersection    +121.0977    +117.3320   +023.5749   +271.9581   19 20      
  27  Intersection    +115.1618    +032.3858   +023.5711   +271.6802   21 22      
  28  Intersection    +017.2091    +031.6238   +023.6318   +269.9050   24 23      
  29  Line            +011.7463    +073.8494   +023.6350   +097.3716   28 25      
  30  Line            +118.1298    +074.8589   +023.5730   +266.0028   26 27      
  31  Line            +063.6906    +116.7035   +023.6065   +000.6272   25 26      
  32  Line            +066.1855    +032.0048   +023.6015   +000.4457   28 27      
  33  Origin          +000.0000    +000.0000   +000.0000               25         
  34  Align X axis                                                     31         
  35  Point           +003.2930    -020.5046   +000.3197                          
  36  Point           +003.3721    -020.4186   +000.3197                          
  37  Point           +003.5038    -020.3967   +000.3197                          
  38  Point           +003.6019    -020.4653   +000.3192                          
  39  Point           +003.5982    -020.5977   +000.3192                          
  40  Point           +003.5316    -020.6937   +000.3192                          
  41  Point           +003.4016    -020.7045   +000.3192                          
  42  Point           +003.2983    -020.6261   +000.3192                          
  43  Line            +003.4474    -020.4850   +000.3195   +007.2609   35 38      
  44  Line            +003.4482    -020.6119   +000.3192   +005.4245   42 39      
  45  Line            +003.3868    -020.5616   +000.3195   +275.8819   36 41      
  46  Line            +003.5177    -020.5452   +000.3195   +275.3543   37 40      
  47  Intersection    +003.3798    -020.4936   +000.3195   +268.6209   43 45      
  48  Intersection    +003.5113    -020.4768   +000.3195   +268.0933   43 46      
  49  Intersection    +003.3926    -020.6172   +000.3192   +270.4574   44 45      
  50  Intersection    +003.5233    -020.6048   +000.3192   +269.9298   44 46      
  51  Line            +003.4516    -020.5492   +000.3193   +322.2153   47 50      
  52  Line            +003.4519    -020.5470   +000.3193   +229.7765   48 49      
  53  Intersection    +003.4507    -020.5485   +000.3193   +267.5612   51 52      
  54  Point           +111.4309    -022.9890   +000.2541                          
  55  Point           +111.7385    -023.0186   +000.2546                          
  56  Point           +111.5367    -022.9239   +000.2546                          
  57  Point           +111.6401    -022.9384   +000.2546                          
  58  Point           +111.4212    -023.1146   +000.2526                          
  59  Point           +111.7138    -023.1443   +000.2536                          
  60  Point           +111.5167    -023.2203   +000.2541                          
  61  Point           +111.6283    -023.2275   +000.2541                          
  62  Line            +111.5847    -023.0038   +000.2543   +354.5047   54 55      
  63  Line            +111.5675    -023.1294   +000.2531   +354.2022   58 59      
  64  Line            +111.5267    -023.0721   +000.2543   +266.1418   56 60      
  65  Line            +111.6342    -023.0829   +000.2543   +267.6524   57 61      
  66  Intersection    +111.5317    -022.9987   +000.2543   +271.6371   62 64      
  67  Intersection    +111.6372    -023.0089   +000.2543   +273.1477   62 65      
  68  Intersection    +111.5232    -023.1249   +000.2531   +271.9395   63 64      
  69  Intersection    +111.6320    -023.1360   +000.2531   +273.4502   63 65      
  70  Line            +111.5819    -023.0674   +000.2537   +306.1742   66 69      
  71  Line            +111.5802    -023.0669   +000.2537   +045.4883   68 67      
  72  Intersection    +111.5810    -023.0662   +000.2537   +099.3141   70 71      
  73  Point           +108.4912    -061.1078   +000.1860                          
  74  Point           +108.7789    -061.1333   +000.1855                          
  75  Point           +108.5716    -061.0315   +000.1855                          
  76  Point           +108.6905    -061.0458   +000.1855                          
  77  Point           +108.4856    -061.2397   +000.1855                          
  78  Point           +108.7583    -061.2484   +000.1855                          
  79  Point           +108.5793    -061.3375   +000.1832                          
  80  Point           +108.6644    -061.3428   +000.1842                          
  81  Line            +108.6351    -061.1206   +000.1857   +354.9357   73 74      
  82  Line            +108.6220    -061.2440   +000.1855   +358.1791   77 78      
  83  Line            +108.5754    -061.1845   +000.1843   +271.4516   75 79      
  84  Line            +108.6774    -061.1943   +000.1848   +264.9895   76 80      
  85  Intersection    +108.5737    -061.1151   +000.1857   +276.5159   81 83      
  86  Intersection    +108.6835    -061.1249   +000.1857   +270.0538   81 84      
  87  Intersection    +108.5769    -061.2426   +000.1855   +273.2725   82 83      
  88  Intersection    +108.6729    -061.2457   +000.1855   +266.8104   82 84      
  89  Line            +108.6233    -061.1804   +000.1856   +307.2486   85 88      
  90  Line            +108.6302    -061.1837   +000.1856   +227.8403   86 87      
  91  Intersection    +108.6278    -061.1864   +000.1856   +280.5917   89 90      
  92  Point           +007.8568    -058.4143   +000.3239                          
  93  Point           +008.1445    -058.3751   +000.3239                          
  94  Point           +007.9592    -058.3097   +000.3227                          
  95  Point           +008.0351    -058.3132   +000.3229                          
  96  Point           +007.8632    -058.5138   +000.3232                          
  97  Point           +008.1493    -058.4852   +000.3234                          
  98  Point           +007.9505    -058.6098   +000.3234                          
  99  Point           +008.0649    -058.6044   +000.3234                          
 100  Line            +008.0007    -058.3947   +000.3239   +007.7526   92 93      
 101  Line            +008.0062    -058.4995   +000.3233   +005.7198   96 97      
 102  Line            +007.9548    -058.4598   +000.3231   +268.3454   94 98      
 103  Line            +008.0500    -058.4588   +000.3231   +275.8425   95 99      
 104  Intersection    +007.9565    -058.4007   +000.3239   +260.5928   100 102    
 105  Intersection    +008.0428    -058.3890   +000.3239   +268.0899   100 103    
 106  Intersection    +007.9535    -058.5048   +000.3233   +262.6257   101 102    
 107  Intersection    +008.0537    -058.4947   +000.3233   +270.1227   101 103    
 108  Line            +008.0051    -058.4477   +000.3236   +315.9350   104 107    
 109  Line            +007.9982    -058.4469   +000.3236   +052.3557   106 105    
 110  Intersection    +008.0008    -058.4435   +000.3236   +263.5793   109 108    
 111  Point           +070.3658    -044.8729   +000.3332                          
 112  Point           +070.5112    -044.7577   +000.3335                          
 113  Point           +070.5105    -045.0088   +000.3330                          
 114  Point           +070.6450    -044.9004   +000.3330                          
 115  Line            +070.5054    -044.8866   +000.3331   +354.3806   111 114    
 116  Line            +070.5109    -044.8832   +000.3332   +269.8410   112 113    
 117  Intersection    +070.5109    -044.8872   +000.3331   +275.4604   115 116    
 118  Point           +106.6529    -033.5129   +000.4908                          
 119  Point           +106.7795    -033.4081   +000.4913                          
 120  Point           +106.9026    -033.5404   +000.4843                          
 121  Point           +106.7825    -033.6457   +000.4848                          
 122  Line            +106.7778    -033.5267   +000.4875   +353.7268   118 120    
 123  Line            +106.7810    -033.5269   +000.4880   +270.7207   119 121    
 124  Intersection    +106.7810    -033.5270   +000.4875   +276.9939   122 123    
 125  Point           +002.0068    -013.2171   -000.0114                          
 126  Point           +012.0512    -013.3269   -000.0083                          
 127  Point           +022.0062    -011.5970   -000.0234                          
 128  Point           +032.0761    -011.7070   -000.0315                          
 129  Point           +042.0058    -010.5149   -000.0390                          
 130  Point           +052.0040    -010.6237   -000.0483                          
 131  Point           +062.0245    -010.7331   -000.0554                          
 132  Point           +072.0100    -010.8417   -000.0571                          
 133  Point           +082.0266    -010.9511   -000.0716                          
 134  Point           +091.9991    -011.0601   -000.0710                          
 135  Point           +102.0155    -011.1690   -000.0675                          
 136  Point           +111.9997    -011.2779   -000.0768                          
 137  Point           +008.1551    -068.3512   -000.0245                          
 138  Point           +018.1544    -068.4600   -000.0263                          
 139  Point           +028.1587    -068.5693   -000.0327                          
 140  Point           +038.1400    -068.6784   -000.0394                          
 141  Point           +048.1705    -068.7876   -000.0494                          
 142  Point           +058.1860    -068.8969   -000.0535                          
 143  Point           +068.1675    -069.0058   -000.0665                          
 144  Point           +078.1496    -069.1143   -000.0806                          
 145  Point           +088.1551    -069.2235   -000.0777                          
 146  Point           +098.1661    -069.3323   -000.0750                          
 147  Point           +108.1558    -069.4413   -000.0826                          
 148  Point           +005.6698    -043.3394   +000.3149                          
 149  Point           +006.7729    -044.7486   +000.2914                          
 150  Point           +007.1720    -048.7440   +000.2828                          
 151  Point           +006.9949    -049.4356   +000.2705                          
 152  Point           +013.2033    -049.2949   +000.3477                          
 153  Point           +013.2557    -044.5299   +000.3534                          
 154  Point           +019.2667    -044.9167   +000.3797                          
 155  Point           +018.9362    -049.2841   +000.3407                          
 156  Point           +071.5925    -047.3531   +000.2921                          
 157  Point           +072.1431    -047.5786   +000.2872                          
 158  Point           +076.1539    -047.8229   +000.2660                          
 159  Point           +083.0488    -047.8162   +000.2816                          
 160  Point           +100.6369    -049.9095   +000.2334                          
 161  Point           +106.5643    -049.8227   +000.2252                          
 162  Point           +008.2541    -060.9713   +000.3423                          
 163  Point           +007.9758    -058.4560   +000.3188                          
 164  Point           +016.8718    -057.9056   +000.3479                          
 165  Point           +016.9379    -060.2171   +000.3536                          
 166  Point           +017.8152    -058.7800   +000.3418                          
 167  Point           +018.4872    -057.5577   +000.3453                          
 168  Point           +018.8241    -060.3463   +000.3530                          
 169  Point           +027.3799    -059.4912   +000.3373                          
 170  Point           +027.3746    -057.1548   +000.3378                          
 171  Point           +027.9472    -058.4667   +000.3412                          
 172  Point           +028.7015    -056.8968   +000.3345                          
 173  Point           +028.9861    -059.6622   +000.3444                          
 174  Point           +037.5785    -059.0341   +000.3412                          
 175  Point           +037.5839    -056.6838   +000.3217                          
 176  Point           +038.3031    -057.6618   +000.3340                          
 177  Point           +038.9276    -056.4425   +000.3299                          
 178  Point           +039.1520    -059.2248   +000.3429                          
 179  Point           +047.7304    -058.7305   +000.3451                          
 180  Point           +047.7563    -056.3800   +000.3243                          
 181  Point           +048.2997    -057.3955   +000.3335                          
 182  Point           +049.1357    -056.1780   +000.3200                          
 183  Point           +049.3071    -058.9567   +000.3389                          
 184  Point           +057.9122    -058.6436   +000.3125                          
 185  Point           +058.0193    -056.3100   +000.3003                          
 186  Point           +058.5264    -057.4872   +000.3097                          
 187  Point           +059.3487    -056.1070   +000.3120                          
 188  Point           +059.4732    -058.8807   +000.3242                          
 189  Point           +068.0739    -058.7390   +000.3376                          
 190  Point           +068.2300    -056.4105   +000.3187                          
 191  Point           +068.9047    -057.4920   +000.3283                          
 192  Point           +069.5635    -056.2440   +000.3086                          
 193  Point           +069.6094    -059.0283   +000.3199                          
 194  Point           +078.2270    -059.0694   +000.3125                          
 195  Point           +078.4258    -056.7193   +000.3037                          
 196  Point           +078.8253    -057.7738   +000.3089                          
 197  Point           +079.7630    -056.5794   +000.2984                          
 198  Point           +079.7769    -059.3629   +000.3102                          
 199  Point           +088.3792    -059.5708   +000.2931                          
 200  Point           +088.6304    -057.2358   +000.2966                          
 201  Point           +089.0896    -058.4529   +000.2883                          
 202  Point           +089.9589    -057.1162   +000.2944                          
 203  Point           +089.9048    -059.8980   +000.2904                          
 204  Point           +098.5117    -060.2725   +000.2793                          
 205  Point           +098.7982    -057.9563   +000.2651                          
 206  Point           +099.2287    -059.0017   +000.2655                          
 207  Point           +100.1310    -057.8479   +000.2482                          
 208  Point           +100.0233    -060.6430   +000.2658                          
 209  Point           +108.6357    -061.1756   +000.2084                          
 210  Point           +108.9636    -058.8619   +000.1994                          
 211  Point           +048.8577    -038.5302   +000.2055                          
 212  Point           +048.9360    -036.3753   +000.2013                          
 213  Point           +050.3775    -036.3911   +000.2300                          
 214  Point           +050.1938    -038.4908   +000.2331                          
 215  Point           +109.3530    -033.5122   +000.4522                          
 216  Point           +109.3413    -034.5737   +000.4576                          
 217  Point           +109.3278    -035.8427   +000.4509                          
 218  Point           +109.3147    -036.9917   +000.4438                          
 219  Point           +109.3028    -038.1197   +000.4304                          
 220  Point           +109.2833    -039.8877   +000.4196                          
 221  Point           +108.0745    -046.8648   +000.4148                          
 222  Point           +107.6641    -047.6254   +000.4123                          
 223  Point           +093.6599    -045.2473   +000.4901                          
 224  Point           +079.1056    -046.1540   +000.4510                          
 225  Point           +075.8031    -046.1179   +000.4693                          
 226  Point           +075.4126    -046.1136   +000.4678                          
 227  Point           +071.1791    -046.0674   +000.3726                          
 228  Point           +072.3311    -031.6647   +000.4565                          
 229  Point           +076.1832    -031.8338   +000.4851                          
 230  Point           +076.5972    -031.8383   +000.4707                          
 231  Point           +080.3872    -031.8797   +000.4626                          
 232  Point           +017.1279    -034.9831   +000.2980                          
 233  Point           +017.4747    -030.6373   +000.3347                          
 234  Point           +011.4435    -030.2583   +000.3082                          
 235  Point           +011.3910    -034.9859   +000.2846                          
 236  Point           +005.5544    -035.6507   +000.2211                          
 237  Point           +005.0471    -031.6711   +000.2355                          
 238  Point           +004.4594    -031.3662   +000.2317                          
 239  Point           +004.5808    -030.4224   +000.2356                          
 240  Point           +103.6101    -030.9997   +000.1652                          
 241  Point           +107.7806    -031.6198   +000.1534                          
 242  Point           +111.5721    -023.0592   +000.2558                          
 243  Point           +111.6677    -020.2764   +000.2818                          
 244  Point           +103.0884    -019.7332   +000.2602                          
 245  Point           +102.7444    -022.0547   +000.2532                          
 246  Point           +102.4107    -020.8824   +000.2639                          
 247  Point           +101.7434    -019.4025   +000.2753                          
 248  Point           +101.7010    -022.1723   +000.2596                          
 249  Point           +092.8483    -021.3331   +000.2938                          
 250  Point           +093.1530    -018.9971   +000.3120                          
 251  Point           +092.6070    -020.2203   +000.3015                          
 252  Point           +092.0493    -018.6786   +000.3171                          
 253  Point           +091.8121    -021.4743   +000.2962                          
 254  Point           +082.9332    -020.7762   +000.2946                          
 255  Point           +083.2033    -018.4454   +000.3223                          
 256  Point           +082.5178    -019.8516   +000.3167                          
 257  Point           +081.8390    -018.1415   +000.3273                          
 258  Point           +081.8863    -020.9373   +000.3054                          
 259  Point           +073.0244    -020.4159   +000.3052                          
 260  Point           +073.2487    -018.0701   +000.3295                          
 261  Point           +072.4728    -019.2388   +000.3201                          
 262  Point           +072.1417    -017.7910   +000.3380                          
 263  Point           +071.9659    -020.5869   +000.3026                          
 264  Point           +063.0879    -020.2184   +000.3108                          
 265  Point           +063.2726    -017.8766   +000.3376                          
 266  Point           +062.6792    -019.0938   +000.3255                          
 267  Point           +062.0323    -017.6240   +000.3415                          
 268  Point           +062.0446    -020.4130   +000.3067                          
 269  Point           +053.1721    -020.2216   +000.3410                          
 270  Point           +053.3045    -017.8677   +000.3691                          
 271  Point           +052.7020    -019.1773   +000.3575                          
 272  Point           +051.9132    -017.6560   +000.3777                          
 273  Point           +052.1148    -020.4216   +000.3414                          
 274  Point           +043.2303    -020.3940   +000.3242                          
 275  Point           +043.3156    -018.0446   +000.3479                          
 276  Point           +042.7609    -019.3827   +000.3272                          
 277  Point           +041.9412    -017.8451   +000.3490                          
 278  Point           +042.1690    -020.6409   +000.3296                          
 279  Point           +033.3009    -020.7430   +000.3528                          
 280  Point           +033.3265    -018.4135   +000.3641                          
 281  Point           +032.8969    -019.7805   +000.3651                          
 282  Point           +031.9439    -018.2314   +000.3724                          
 283  Point           +032.2415    -020.9925   +000.3587                          
 284  Point           +023.3793    -021.2862   +000.3499                          
 285  Point           +023.3801    -018.9389   +000.3743                          
 286  Point           +022.8365    -020.2636   +000.3669                          
 287  Point           +022.1005    -018.7624   +000.3748                          
 288  Point           +022.3304    -021.5432   +000.3491                          
 289  Point           +013.4524    -021.9993   +000.3599                          
 290  Point           +013.4008    -019.6439   +000.3717                          
 291  Point           +012.8914    -020.7230   +000.3715                          
 292  Point           +011.9991    -019.5191   +000.3758                          
 293  Point           +012.3997    -022.2858   +000.3616                          
 294  Point           +003.5356    -022.8795   +000.3203                          
 295  Point           +003.4548    -020.5473   +000.3277                          
  
