
Step  Feature        X/R Location  Y/A Location  Z Location    Size    Reference
================================================================================
   1  Point           +228.41178    +055.10383  +033.79700            
   2  Point           +236.82907    +055.08771  +033.79920            
   3  Point           +255.90522    +055.08747  +033.80970            
   4  Point           +268.19381    +055.08744  +033.81480            
   5  Point           +227.46405    +069.54357  +033.80080            
   6  Point           +240.01114    +069.54344  +033.80760            
   7  Point           +255.18568    +069.54391  +033.81430            
   8  Point           +268.78085    +069.54388  +033.82260            
   9  Point           +227.98394    +078.65595  +033.79420            
  10  Point           +237.32525    +078.65583  +033.79950            
  11  Point           +255.33151    +078.65580  +033.80730            
  12  Point           +268.05384    +078.65527  +033.81390            
  13  Point           +227.66758    +084.28729  +033.94369            
  14  Point           +239.21026    +084.28707  +033.95039            
  15  Point           +253.75581    +084.28686  +033.95990            
  16  Point           +269.51951    +084.28654  +033.96549            
  17  Point           +225.82456    +100.19699  +046.23507            
  18  Point           +236.15085    +100.19689  +046.24197            
  19  Point           +260.46285    +098.75439  +046.15957            
  20  Point           +269.72735    +098.75429  +046.17327            
  21  Point           +226.79769    +110.03377  +046.25077            
  22  Point           +235.90890    +110.03349  +046.25817            
  23  Point           +260.79497    +110.89883  +046.27407            
  24  Point           +270.26631    +110.89874  +046.27797            
