Xu-202302006-test-nbi-r.RTN
Step  Feature        X/R Location  Y/A Location  Z Location    Size    Reference
================================================================================
   1  Point           +240.62958    +081.65077  +015.63927            
   2  Point           +242.59263    +080.65839  +015.63937            
   3  Point           +245.23244    +079.33969  +015.63937            
   4  Point           +248.69989    +077.61905  +015.63947            
   5  Point           +248.86260    +076.94306  +015.63947            
   6  Point           +247.14111    +073.55617  +015.63947            
   7  Point           +244.78505    +068.77006  +015.63947            
   8  Point           +236.02909    +051.24661  +015.63947            
   9  Point           +235.22774    +051.16852  +015.63947            
  10  Point           +232.68248    +052.44266  +015.63947            
  11  Point           +229.63907    +053.98527  +015.63947            
  12  Point           +227.43972    +055.10985  +015.63947            
  13  Point           +227.29341    +055.63147  +015.63947            
  14  Point           +230.09524    +061.24913  +015.63947            
  15  Point           +233.38812    +067.85421  +015.63947            
  16  Point           +240.20813    +081.49549  +015.63987            
  17  Line            +241.61111    +081.15458  +015.63932  -026.81808 1 2      
  18  Line            +246.96616    +078.47937  +015.63942  -026.39178 3 4      
  19  Line            +248.00186    +075.24962  +015.63947  -116.94336 5 6      
  20  Line            +240.40707    +060.00833  +015.63947  -116.54998 7 8      
  21  Line            +233.95511    +051.80559  +015.63947  +153.40773 9 10     
  22  Line            +228.53939    +054.54756  +015.63947  +152.91819 11 12    
  23  Line            +228.69433    +058.44030  +015.63947  +063.49212 13 14    
  24  Line            +236.79812    +074.67485  +015.63967  +063.43703 15 16    
  25  Intersect       +240.35513    +081.78951  +015.63957  +090.25511 24 17    
  26  Intersect       +249.10421    +077.41841  +015.63947  +090.55158 18 19    
  27  Intersect       +235.83754    +050.86326  +015.63947  +090.04228 20 21    
  28  Intersect       +227.11585    +055.27545  +015.63947  +089.42607 22 23    
  29  Line            +244.72967    +079.60396  +015.63952  -026.54705 25 26    
  30  Line            +242.47088    +064.14083  +015.63947  -116.54623 26 27    
  31  Line            +231.47669    +053.06935  +015.63947  +153.16569 27 28    
  32  Line            +233.73549    +068.53248  +015.63952  +063.46564 28 25    
  33  Point           +260.32855    +081.48651  +015.72187            
  34  Point           +261.88074    +082.12223  +015.72187            
  35  Point           +264.71192    +083.25356  +015.72187            
  36  Point           +269.13453    +084.95976  +015.72187            
  37  Point           +270.12366    +084.99441  +015.72187            
  38  Point           +271.34871    +081.92269  +015.72187            
  39  Point           +272.78830    +078.28497  +015.72187            
  40  Point           +280.25571    +059.44554  +015.72187            
  41  Point           +282.16645    +052.77846  +015.72187            
  42  Point           +278.79448    +051.39972  +015.72187            
  43  Point           +274.40023    +049.71331  +015.72187            
  44  Point           +273.20838    +049.29750  +015.72187            
  45  Point           +272.58078    +049.36558  +015.72187            
  46  Point           +271.77093    +051.36690  +015.72187            
  47  Point           +270.14480    +055.46554  +015.72187            
  48  Point           +260.27782    +080.36268  +015.72187            
  49  Line            +261.10464    +081.80437  +015.72187  +022.27207 33 34    
  50  Line            +266.92322    +084.10666  +015.72187  +021.09622 35 36    
  51  Line            +270.73618    +083.45855  +015.72187  -068.25726 37 38    
  52  Line            +276.52200    +068.86526  +015.72187  -068.37803 39 40    
  53  Line            +280.48047    +052.08909  +015.72187  -157.76127 41 42    
  54  Line            +273.80430    +049.50540  +015.72187  -160.76717 43 44    
  55  Line            +272.17585    +050.36624  +015.72187  +112.03112 45 46    
  56  Line            +265.21131    +067.91411  +015.72187  +111.61891 47 48    
  57  Intersect       +259.90171    +081.31170  +015.72187  +089.34685 49 56    
  58  Intersect       +270.00374    +085.29510  +015.72187  +089.35348 50 51    
  59  Intersect       +282.79628    +053.03598  +015.72187  +089.38324 52 53    
  60  Intersect       +272.68256    +049.11405  +015.72187  +087.20171 54 55    
  61  Line            +264.95273    +083.30340  +015.72187  +021.52017 57 58    
  62  Line            +276.40001    +069.16554  +015.72187  -068.36892 58 59    
  63  Line            +277.73942    +051.07502  +015.72187  -158.80453 59 60    
  64  Line            +266.29214    +065.21287  +015.72187  +111.65060 60 57    
