
Step  Feature        X/R Location  Y/A Location  Z Location    Size    Reference
================================================================================
   1  Point           +107.68482    +069.70229  +029.19977            
   2  Point           +113.56059    +058.51335  +029.23667            
   3  Point           +122.40702    +052.15768  +029.16098            
   4  Point           +142.76058    +052.15733  +029.16118            
   5  Point           +156.70325    +052.15764  +029.13398            
   6  Point           +174.73919    +059.25669  +029.13168            
   7  Point           +179.29821    +074.35559  +029.13608            
   8  Point           +171.77707    +089.94370  +029.07009            
   9  Point           +158.10933    +094.12103  +029.06169            
  10  Point           +143.01554    +094.12131  +029.07369            
  11  Point           +125.23680    +094.12118  +029.06579            
  12  Point           +111.87610    +086.59735  +029.10438            
  13  Point           +128.41411    +076.15952  +033.74721            
  14  Point           +128.42469    +070.30373  +033.70831            
  15  Point           +132.57746    +077.45934  +033.75081            
  16  Point           +132.57723    +070.40614  +033.71181            
  17  Point           +149.98556    +076.80041  +033.74321            
  18  Point           +149.98544    +070.46180  +033.72131            
  19  Point           +156.96245    +077.12844  +033.71831            
  20  Point           +156.96243    +071.01583  +033.70111            
