\\Phy-atlas-nas\ATLAS-lab\Xu_Metrology\Xu_R1_Routine_Test\20230329-full-ttl180.m
Step  Feature        X/R Location  Y/A Location  Z Location    Size    Reference  
================================================================================  
   1  Point           +000.0558    +000.0009   +000.0043                          
   2  Point           +000.2877    +000.0251   +000.0043                          
   3  Point           +000.0030    -000.0496   +000.0043                          
   4  Point           +000.0296    -000.2222   +000.0043                          
   5  Point           +114.5003    +000.0257   -000.0577                          
   6  Point           +114.7580    +000.0086   -000.0577                          
   7  Point           +114.8251    -000.0508   -000.0577                          
   8  Point           +114.8143    -000.2059   -000.0577                          
   9  Point           +107.9805    -084.6581   -000.0535                          
  10  Point           +107.9700    -084.8021   -000.0535                          
  11  Point           +107.9012    -084.8819   -000.0535                          
  12  Point           +107.7131    -084.8656   -000.0535                          
  13  Point           +010.2958    -084.5426   -000.0045                          
  14  Point           +010.0826    -084.5643   -000.0045                          
  15  Point           +010.0034    -084.5224   -000.0045                          
  16  Point           +009.9801    -084.3733   -000.0045                          
  17  Line            +000.1717    +000.0130   +000.0043   +005.9604   1 2        
  18  Line            +114.6292    +000.0171   -000.0577   +356.2072   5 6        
  19  Line            +114.8197    -000.1284   -000.0577   +266.0170   7 8        
  20  Line            +107.9753    -084.7301   -000.0535   +265.8503   9 10       
  21  Line            +107.8071    -084.8737   -000.0535   +175.0598   11 12      
  22  Line            +010.1892    -084.5534   -000.0045   +185.8062   13 14      
  23  Line            +009.9917    -084.4478   -000.0045   +098.8770   15 16      
  24  Line            +000.0163    -000.1359   +000.0043   +098.7334   4 3        
  25  Intersection    -000.0038    -000.0053   +000.0043   +267.2270   24 17      
  26  Intersection    +114.8289    +000.0039   -000.0577   +269.8098   18 19      
  27  Intersection    +107.9638    -084.8873   -000.0535   +269.2095   20 21      
  28  Intersection    +010.0110    -084.5716   -000.0045   +273.0708   22 23      
  29  Line            +057.4126    -000.0007   -000.0267   +000.0046   25 26      
  30  Line            +111.3964    -042.4417   -000.0556   +265.3766   26 27      
  31  Line            +058.9874    -084.7294   -000.0290   +179.8153   27 28      
  32  Line            +005.0036    -042.2884   -000.0001   +096.7538   28 25      
  33  Origin          +000.0000    +000.0000   +000.0000               25         
  34  Align X axis                                                     29         
  35  Point           +007.8361    -058.3936   +000.3074                          
  36  Point           +008.1441    -058.3738   +000.3074                          
  37  Point           +008.0459    -058.2948   +000.3074                          
  38  Point           +008.0687    -058.5999   +000.3074                          
  39  Point           +008.1639    -058.4973   +000.3074                          
  40  Point           +007.8580    -058.5307   +000.3074                          
  41  Point           +007.9494    -058.6062   +000.3074                          
  42  Point           +007.9111    -058.3297   +000.3074                          
  43  Line            +007.9901    -058.3837   +000.3074   +003.6865   35 36      
  44  Line            +008.0109    -058.5140   +000.3074   +006.2130   40 39      
  45  Line            +007.9302    -058.4680   +000.3074   +277.8946   42 41      
  46  Line            +008.0573    -058.4473   +000.3074   +274.2629   37 38      
  47  Intersection    +007.9192    -058.3883   +000.3074   +274.2081   43 45      
  48  Intersection    +008.0523    -058.3797   +000.3074   +270.5764   43 46      
  49  Intersection    +007.9377    -058.5220   +000.3074   +271.6816   44 45      
  50  Intersection    +008.0619    -058.5085   +000.3074   +268.0499   44 46      
  51  Line            +007.9905    -058.4484   +000.3074   +319.8952   47 50      
  52  Line            +007.9950    -058.4508   +000.3074   +051.1588   49 48      
  53  Intersection    +007.9944    -058.4516   +000.3074   +091.2636   51 52      
  54  Point           +108.4967    -061.1182   +000.1954                          
  55  Point           +108.7718    -061.1436   +000.1954                          
  56  Point           +108.6936    -061.0441   +000.1954                          
  57  Point           +108.6721    -061.3322   +000.1954                          
  58  Point           +108.7719    -061.2570   +000.1954                          
  59  Point           +108.4780    -061.2470   +000.1954                          
  60  Point           +108.5544    -061.3393   +000.1954                          
  61  Point           +108.5764    -061.0432   +000.1954                          
  62  Line            +108.6342    -061.1309   +000.1954   +354.7413   54 55      
  63  Line            +108.6249    -061.2520   +000.1954   +358.0545   59 58      
  64  Line            +108.6828    -061.1881   +000.1954   +265.7389   56 57      
  65  Line            +108.5654    -061.1912   +000.1954   +265.7510   61 60      
  66  Intersection    +108.5704    -061.1250   +000.1954   +271.0097   62 65      
  67  Intersection    +108.6867    -061.1357   +000.1954   +270.9976   62 64      
  68  Intersection    +108.6779    -061.2538   +000.1954   +092.3155   64 63      
  69  Intersection    +108.5611    -061.2498   +000.1954   +267.6965   63 65      
  70  Line            +108.6241    -061.1894   +000.1954   +309.8803   66 68      
  71  Line            +108.6239    -061.1928   +000.1954   +042.2362   69 67      
  72  Intersection    +108.6256    -061.1912   +000.1954   +267.6441   71 70      
  73  Point           +003.3024    -020.5097   +000.3047                          
  74  Point           +003.5975    -020.4708   +000.3047                          
  75  Point           +003.5045    -020.4008   +000.3047                          
  76  Point           +003.5322    -020.6844   +000.3047                          
  77  Point           +003.6277    -020.5970   +000.3047                          
  78  Point           +003.3143    -020.6303   +000.3047                          
  79  Point           +003.4103    -020.7171   +000.3047                          
  80  Point           +003.3688    -020.4055   +000.3047                          
  81  Line            +003.4500    -020.4902   +000.3047   +007.5109   73 74      
  82  Line            +003.4710    -020.6136   +000.3047   +006.0657   78 77      
  83  Line            +003.3895    -020.5613   +000.3047   +277.5788   80 79      
  84  Line            +003.5184    -020.5426   +000.3047   +275.5699   75 76      
  85  Intersection    +003.3813    -020.4993   +000.3047   +270.0679   81 83      
  86  Intersection    +003.5124    -020.4820   +000.3047   +268.0590   81 84      
  87  Intersection    +003.5247    -020.6079   +000.3047   +090.4959   84 82      
  88  Intersection    +003.3975    -020.6214   +000.3047   +271.5131   82 83      
  89  Line            +003.4530    -020.5536   +000.3047   +322.8517   85 87      
  90  Line            +003.4550    -020.5517   +000.3047   +050.5196   88 86      
  91  Intersection    +003.4533    -020.5538   +000.3047   +272.3321   90 89      
  92  Point           +111.4288    -022.9980   +000.2504                          
  93  Point           +111.7320    -023.0187   +000.2504                          
  94  Point           +111.6511    -022.9262   +000.2504                          
  95  Point           +111.6296    -023.2146   +000.2504                          
  96  Point           +111.7278    -023.1473   +000.2504                          
  97  Point           +111.4294    -023.1359   +000.2504                          
  98  Point           +111.5031    -023.2256   +000.2504                          
  99  Point           +111.5314    -022.9196   +000.2504                          
 100  Line            +111.5804    -023.0083   +000.2504   +356.0869   92 93      
 101  Line            +111.5786    -023.1416   +000.2504   +357.8032   97 96      
 102  Line            +111.6404    -023.0704   +000.2504   +265.7463   94 95      
 103  Line            +111.5172    -023.0726   +000.2504   +264.7110   99 98      
 104  Intersection    +111.5235    -023.0045   +000.2504   +268.6240   100 103    
 105  Intersection    +111.6447    -023.0127   +000.2504   +269.6594   100 102    
 106  Intersection    +111.6349    -023.1438   +000.2504   +092.0569   102 101    
 107  Intersection    +111.5111    -023.1390   +000.2504   +266.9078   101 103    
 108  Line            +111.5792    -023.0741   +000.2504   +308.6397   104 106    
 109  Line            +111.5779    -023.0759   +000.2504   +043.3921   107 105    
 110  Intersection    +111.5794    -023.0744   +000.2504   +265.2476   109 108    
 111  Point           +070.3793    -044.8813   +000.3341                          
 112  Point           +070.6339    -044.9062   +000.3346                          
 113  Point           +070.5156    -044.7502   +000.3346                          
 114  Point           +070.5186    -045.0291   +000.3346                          
 115  Line            +070.5066    -044.8937   +000.3343   +354.4137   111 112    
 116  Line            +070.5171    -044.8896   +000.3346   +270.6183   113 114    
 117  Intersection    +070.5171    -044.8948   +000.3343   +276.2046   115 116    
 118  Point           +106.6464    -033.5188   +000.4803                          
 119  Point           +106.8950    -033.5483   +000.4803                          
 120  Point           +106.7846    -033.3807   +000.4803                          
 121  Point           +106.7916    -033.6761   +000.4803                          
 122  Line            +106.7707    -033.5336   +000.4803   +353.2341   118 119    
 123  Line            +106.7881    -033.5284   +000.4803   +271.3526   120 121    
 124  Intersection    +106.7883    -033.5357   +000.4803   +278.1185   122 123    
 125  Point           +002.0000    -012.6939   -000.0144                          
 126  Point           +012.0010    -012.7854   -000.0204                          
 127  Point           +022.0291    -011.5735   -000.0296                          
 128  Point           +032.0002    -011.6648   -000.0362                          
 129  Point           +041.9992    -011.7563   -000.0451                          
 130  Point           +052.0126    -010.6073   -000.0449                          
 131  Point           +062.0008    -010.6986   -000.0457                          
 132  Point           +071.9990    -010.7900   -000.0465                          
 133  Point           +081.9997    -010.8815   -000.0458                          
 134  Point           +092.0004    -010.9729   -000.0463                          
 135  Point           +102.0004    -011.0643   -000.0473                          
 136  Point           +112.0028    -011.1557   -000.0475                          
 137  Point           +008.4063    -068.0439   -000.0345                          
 138  Point           +018.4038    -068.1354   -000.0357                          
 139  Point           +028.4013    -068.2269   -000.0436                          
 140  Point           +038.4023    -068.3184   -000.0490                          
 141  Point           +048.4005    -068.4099   -000.0528                          
 142  Point           +058.4017    -068.5013   -000.0620                          
 143  Point           +068.4019    -068.5926   -000.0708                          
 144  Point           +078.4006    -068.6840   -000.0706                          
 145  Point           +088.4008    -068.7753   -000.0703                          
 146  Point           +098.4009    -068.8667   -000.0646                          
 147  Point           +108.4003    -068.9580   -000.0766                          
 148  Point           +006.8153    -044.7519   +000.2754                          
 149  Point           +007.0876    -047.4897   +000.2650                          
 150  Point           +006.7551    -049.4383   +000.2593                          
 151  Point           +007.1559    -050.5461   +000.2507                          
 152  Point           +072.1926    -047.5061   +000.2796                          
 153  Point           +075.7708    -047.9638   +000.2530                          
 154  Point           +076.1753    -047.9675   +000.2538                          
 155  Point           +079.7589    -048.0973   +000.2457                          
 156  Point           +100.4658    -049.3621   +000.2318                          
 157  Point           +106.5545    -049.7108   +000.2220                          
 158  Point           +106.5443    -050.8203   +000.1933                          
 159  Point           +100.7678    -050.2320   +000.2170                          
 160  Point           +108.9717    -058.8738   +000.1929                          
 161  Point           +108.6399    -061.1860   +000.1957                          
 162  Point           +100.0070    -060.6216   +000.2442                          
 163  Point           +100.1339    -057.8669   +000.2376                          
 164  Point           +098.7970    -057.9522   +000.2454                          
 165  Point           +098.5081    -060.2773   +000.2672                          
 166  Point           +089.9634    -057.1169   +000.2816                          
 167  Point           +089.9233    -059.9439   +000.2696                          
 168  Point           +088.6170    -057.2502   +000.2811                          
 169  Point           +088.3820    -059.5757   +000.2751                          
 170  Point           +079.7687    -059.3535   +000.2923                          
 171  Point           +079.7783    -056.5723   +000.2921                          
 172  Point           +078.4347    -056.7326   +000.2924                          
 173  Point           +078.2307    -059.0614   +000.3051                          
 174  Point           +069.6186    -059.0267   +000.3092                          
 175  Point           +069.5608    -056.2424   +000.2938                          
 176  Point           +068.2326    -056.4088   +000.3056                          
 177  Point           +068.0710    -058.7516   +000.3237                          
 178  Point           +059.4644    -058.8784   +000.3084                          
 179  Point           +059.3544    -056.1167   +000.2912                          
 180  Point           +058.0165    -056.3079   +000.2854                          
 181  Point           +057.9130    -058.6372   +000.3044                          
 182  Point           +049.3012    -058.9491   +000.3235                          
 183  Point           +049.1349    -056.1648   +000.3032                          
 184  Point           +047.8171    -056.3968   +000.3087                          
 185  Point           +047.7539    -058.7454   +000.3291                          
 186  Point           +039.1466    -059.2183   +000.3200                          
 187  Point           +038.9232    -056.4419   +000.3073                          
 188  Point           +037.5883    -056.6967   +000.3107                          
 189  Point           +037.5668    -059.0343   +000.3279                          
 190  Point           +028.9850    -059.6813   +000.3230                          
 191  Point           +028.7061    -056.9025   +000.3138                          
 192  Point           +027.3649    -057.1912   +000.3229                          
 193  Point           +027.4055    -059.5104   +000.3190                          
 194  Point           +018.8310    -060.3485   +000.3352                          
 195  Point           +018.4915    -057.5751   +000.3304                          
 196  Point           +016.8651    -057.8887   +000.3334                          
 197  Point           +016.9440    -060.2282   +000.3308                          
 198  Point           +008.3856    -061.2140   +000.3252                          
 199  Point           +007.9858    -058.4290   +000.3031                          
 200  Point           +013.2760    -044.5415   +000.3442                          
 201  Point           +019.2698    -044.9064   +000.3624                          
 202  Point           +018.9416    -049.2723   +000.3296                          
 203  Point           +013.2080    -049.2569   +000.3318                          
 204  Point           +005.4951    -035.6458   +000.2030                          
 205  Point           +005.1923    -032.9168   +000.2115                          
 206  Point           +004.8455    -032.4556   +000.2038                          
 207  Point           +004.4988    -029.8146   +000.2220                          
 208  Point           +073.2581    -029.2909   +000.2239                          
 209  Point           +076.7734    -029.2451   +000.2344                          
 210  Point           +077.1821    -029.2878   +000.2384                          
 211  Point           +080.7664    -029.3961   +000.1943                          
 212  Point           +103.6005    -030.0594   +000.1519                          
 213  Point           +103.5916    -031.0249   +000.1586                          
 214  Point           +107.7882    -031.6468   +000.1472                          
 215  Point           +108.7707    -031.4827   +000.1515                          
 216  Point           +003.4461    -020.5530   +000.3130                          
 217  Point           +003.5450    -022.8951   +000.3013                          
 218  Point           +012.3989    -022.3006   +000.3394                          
 219  Point           +012.0064    -019.5272   +000.3519                          
 220  Point           +013.4082    -019.6635   +000.3549                          
 221  Point           +013.4487    -021.9936   +000.3401                          
 222  Point           +022.3212    -021.5488   +000.3380                          
 223  Point           +022.1179    -018.7641   +000.3586                          
 224  Point           +023.3732    -018.9486   +000.3564                          
 225  Point           +023.3752    -021.2859   +000.3409                          
 226  Point           +032.2471    -021.0105   +000.3447                          
 227  Point           +031.9526    -018.2340   +000.3558                          
 228  Point           +033.3351    -018.4097   +000.3546                          
 229  Point           +033.3016    -020.7421   +000.3386                          
 230  Point           +041.9426    -017.8474   +000.3335                          
 231  Point           +042.1804    -020.6314   +000.3194                          
 232  Point           +043.2448    -020.3846   +000.3145                          
 233  Point           +043.3273    -018.0471   +000.3331                          
 234  Point           +051.9222    -017.6501   +000.3581                          
 235  Point           +052.1285    -020.4383   +000.3256                          
 236  Point           +053.1702    -020.2128   +000.3204                          
 237  Point           +053.2982    -017.8842   +000.3559                          
 238  Point           +062.0194    -017.6380   +000.3255                          
 239  Point           +062.0542    -020.4216   +000.2934                          
 240  Point           +063.1202    -020.2223   +000.2934                          
 241  Point           +063.2728    -017.8785   +000.3295                          
 242  Point           +072.1448    -017.8111   +000.3263                          
 243  Point           +071.9896    -020.6029   +000.2844                          
 244  Point           +073.0326    -020.3970   +000.2881                          
 245  Point           +073.2524    -018.0847   +000.3201                          
 246  Point           +081.8371    -018.1632   +000.3200                          
 247  Point           +081.8905    -020.9365   +000.2965                          
 248  Point           +082.9471    -020.7782   +000.2862                          
 249  Point           +083.2015    -018.4572   +000.3127                          
 250  Point           +092.0478    -018.6897   +000.3064                          
 251  Point           +091.8061    -021.4717   +000.2824                          
 252  Point           +092.8605    -021.3309   +000.2848                          
 253  Point           +093.1565    -019.0083   +000.3031                          
 254  Point           +101.7674    -019.4181   +000.2662                          
 255  Point           +101.6974    -022.1917   +000.2433                          
 256  Point           +102.7645    -022.0764   +000.2452                          
 257  Point           +103.0951    -019.7392   +000.2519                          
 258  Point           +111.6771    -020.2882   +000.2733                          
 259  Point           +111.5699    -023.0765   +000.2550                          
 260  Point           +011.4031    -034.9688   +000.2615                          
 261  Point           +011.4466    -030.2482   +000.2973                          
 262  Point           +017.4623    -030.6348   +000.3123                          
 263  Point           +017.1457    -034.9809   +000.2859                          
 264  Point           +107.9894    -033.4633   +000.4536                          
 265  Point           +107.9701    -035.7708   +000.4514                          
 266  Point           +107.9448    -038.5159   +000.4319                          
 267  Point           +107.8678    -046.9280   +000.4027                          
 268  Point           +093.6616    -045.2586   +000.4863                          
 269  Point           +079.2235    -046.1347   +000.4473                          
 270  Point           +075.8139    -046.1035   +000.4559                          
 271  Point           +075.3589    -046.0994   +000.4509                          
 272  Point           +071.2073    -046.0614   +000.3577                          
 273  Point           +072.3539    -031.6899   +000.4496                          
 274  Point           +076.2042    -031.8601   +000.4758                          
 275  Point           +076.6562    -031.8643   +000.4650                          
 276  Point           +080.3508    -031.8980   +000.4496                          
 277  Point           +048.9657    -036.3836   +000.1968                          
 278  Point           +050.4312    -036.3975   +000.2228                          
 279  Point           +050.3224    -038.5472   +000.2358                          
 280  Point           +048.8449    -038.5337   +000.1997                          
  
