\\Phy-atlas-nas\ATLAS-lab\Metrology\Xu_R1_Routine_Test\20230328-2of4.mxi Listing
Step  Feature        X/R Location  Y/A Location  Z Location    Size    Reference  
================================================================================  
   1  Point           +006.3478    +116.0883   +023.6384                          
   2  Point           +006.5645    +116.1175   +023.6384                          
   3  Point           +006.2878    +116.0098   +023.6384                          
   4  Point           +006.3061    +115.8836   +023.6384                          
   5  Point           +120.8118    +117.3600   +023.5749                          
   6  Point           +121.0546    +117.3377   +023.5746                          
   7  Point           +121.0963    +117.2930   +023.5746                          
   8  Point           +121.0861    +117.1156   +023.5746                          
   9  Point           +115.1775    +032.6375   +023.5709                          
  10  Point           +115.1681    +032.4868   +023.5709                          
  11  Point           +115.0836    +032.3886   +023.5709                          
  12  Point           +114.8513    +032.4059   +023.5709                          
  13  Point           +017.5554    +031.6608   +023.6315                          
  14  Point           +017.3463    +031.6379   +023.6315                          
  15  Point           +017.1836    +031.8379   +023.6317                          
  16  Point           +017.2010    +031.6847   +023.6307                          
  17  Line            +006.4561    +116.1029   +023.6384   +007.6676   1 2        
  18  Line            +006.2969    +115.9467   +023.6384   +278.2588   3 4        
  19  Line            +120.9332    +117.3489   +023.5747   +354.7521   5 6        
  20  Line            +121.0912    +117.2043   +023.5746   +266.7105   7 8        
  21  Line            +115.1728    +032.5621   +023.5709   +266.4421   9 10       
  22  Line            +114.9674    +032.3972   +023.5709   +175.7317   11 12      
  23  Line            +017.4509    +031.6493   +023.6315   +186.2637   13 14      
  24  Line            +017.1923    +031.7613   +023.6312   +276.4667   15 16      
  25  Intersection    +006.2778    +116.0789   +023.6384   +089.4089   18 17      
  26  Intersection    +121.0986    +117.3337   +023.5747   +271.9584   19 20      
  27  Intersection    +115.1617    +032.3827   +023.5709   +269.2896   21 22      
  28  Intersection    +017.2080    +031.6227   +023.6312   +269.7970   24 23      
  29  Line            +011.7429    +073.8508   +023.6348   +097.3742   28 25      
  30  Line            +118.1301    +074.8582   +023.5728   +266.0023   26 27      
  31  Line            +063.6882    +116.7063   +023.6066   +000.6261   25 26      
  32  Line            +066.1849    +032.0027   +023.6010   +000.4446   28 27      
  33  Origin          +000.0000    +000.0000   +000.0000               25         
  34  Align X axis                                                     31         
  35  Point           +003.2930    -020.5094   +000.3190                          
  36  Point           +003.3777    -020.4185   +000.3190                          
  37  Point           +003.4979    -020.3964   +000.3190                          
  38  Point           +003.6018    -020.4788   +000.3190                          
  39  Point           +003.5982    -020.6027   +000.3190                          
  40  Point           +003.5263    -020.6935   +000.3190                          
  41  Point           +003.4062    -020.7044   +000.3190                          
  42  Point           +003.2983    -020.6302   +000.3190                          
  43  Line            +003.4474    -020.4941   +000.3190   +005.6541   35 38      
  44  Line            +003.4483    -020.6164   +000.3190   +005.2476   42 39      
  45  Line            +003.3919    -020.5614   +000.3190   +275.7036   36 41      
  46  Line            +003.5121    -020.5449   +000.3190   +275.4595   37 40      
  47  Intersection    +003.3858    -020.5002   +000.3190   +270.0495   43 45      
  48  Intersection    +003.5067    -020.4882   +000.3190   +269.8054   43 46      
  49  Intersection    +003.3979    -020.6210   +000.3190   +270.4561   44 45      
  50  Intersection    +003.5183    -020.6100   +000.3190   +270.2120   44 46      
  51  Line            +003.4521    -020.5551   +000.3190   +320.3589   47 50      
  52  Line            +003.4523    -020.5546   +000.3190   +230.6743   48 49      
  53  Intersection    +003.4520    -020.5550   +000.3190   +270.3154   51 52      
  54  Point           +111.4315    -022.9905   +000.2543                          
  55  Point           +111.7386    -023.0191   +000.2543                          
  56  Point           +111.5276    -022.9235   +000.2543                          
  57  Point           +111.6471    -022.9382   +000.2543                          
  58  Point           +111.4214    -023.1150   +000.2543                          
  59  Point           +111.7138    -023.1456   +000.2543                          
  60  Point           +111.5009    -023.2198   +000.2543                          
  61  Point           +111.6227    -023.2271   +000.2543                          
  62  Line            +111.5851    -023.0048   +000.2543   +354.6831   54 55      
  63  Line            +111.5676    -023.1303   +000.2543   +354.0302   58 59      
  64  Line            +111.5143    -023.0716   +000.2543   +264.8521   56 60      
  65  Line            +111.6349    -023.0826   +000.2543   +265.1796   57 61      
  66  Intersection    +111.5208    -022.9988   +000.2543   +270.1691   62 64      
  67  Intersection    +111.6410    -023.0100   +000.2543   +270.4965   62 65      
  68  Intersection    +111.5095    -023.1242   +000.2543   +270.8219   63 64      
  69  Intersection    +111.6303    -023.1369   +000.2543   +271.1494   63 65      
  70  Line            +111.5756    -023.0679   +000.2543   +308.4285   66 69      
  71  Line            +111.5753    -023.0671   +000.2543   +040.9733   68 67      
  72  Intersection    +111.5751    -023.0673   +000.2543   +092.5448   70 71      
  73  Point           +108.4912    -061.1096   +000.1852                          
  74  Point           +108.7793    -061.1341   +000.1852                          
  75  Point           +108.5788    -061.0313   +000.1852                          
  76  Point           +108.6975    -061.0456   +000.1852                          
  77  Point           +108.4854    -061.2294   +000.1852                          
  78  Point           +108.7586    -061.2506   +000.1852                          
  79  Point           +108.5555    -061.3372   +000.1852                          
  80  Point           +108.6717    -061.3426   +000.1852                          
  81  Line            +108.6353    -061.1219   +000.1852   +355.1425   73 74      
  82  Line            +108.6220    -061.2400   +000.1852   +355.5562   77 78      
  83  Line            +108.5672    -061.1843   +000.1852   +265.6475   75 79      
  84  Line            +108.6846    -061.1941   +000.1852   +265.0350   76 80      
  85  Intersection    +108.5723    -061.1165   +000.1852   +270.5050   81 83      
  86  Intersection    +108.6905    -061.1266   +000.1852   +269.8925   81 84      
  87  Intersection    +108.5633    -061.2355   +000.1852   +270.0913   82 83      
  88  Intersection    +108.6802    -061.2446   +000.1852   +269.4788   82 84      
  89  Line            +108.6263    -061.1805   +000.1852   +310.1267   85 88      
  90  Line            +108.6269    -061.1810   +000.1852   +220.5638   86 87      
  91  Intersection    +108.6267    -061.1811   +000.1852   +270.4371   89 90      
  92  Point           +007.8573    -058.3979   +000.3230                          
  93  Point           +008.1448    -058.3795   +000.3230                          
  94  Point           +007.9238    -058.3091   +000.3230                          
  95  Point           +008.0421    -058.3130   +000.3230                          
  96  Point           +007.8635    -058.5180   +000.3230                          
  97  Point           +008.1495    -058.4894   +000.3230                          
  98  Point           +007.9577    -058.6096   +000.3230                          
  99  Point           +008.0726    -058.6042   +000.3230                          
 100  Line            +008.0010    -058.3887   +000.3230   +003.6632   92 93      
 101  Line            +008.0065    -058.5037   +000.3230   +005.7056   96 97      
 102  Line            +007.9408    -058.4593   +000.3230   +276.4209   94 98      
 103  Line            +008.0574    -058.4586   +000.3230   +275.9852   95 99      
 104  Intersection    +007.9333    -058.3930   +000.3230   +272.7578   100 102    
 105  Intersection    +008.0497    -058.3856   +000.3230   +272.3220   100 103    
 106  Intersection    +007.9464    -058.5097   +000.3230   +270.7153   101 102    
 107  Intersection    +008.0615    -058.4982   +000.3230   +270.2796   101 103    
 108  Line            +007.9974    -058.4456   +000.3230   +320.6288   104 107    
 109  Line            +007.9981    -058.4476   +000.3230   +050.2480   106 105    
 110  Intersection    +007.9988    -058.4468   +000.3230   +270.3808   109 108    
 111  Point           +070.3658    -044.8747   +000.3333                          
 112  Point           +070.5175    -044.7578   +000.3328                          
 113  Point           +070.5173    -045.0089   +000.3327                          
 114  Point           +070.6445    -044.9026   +000.3327                          
 115  Line            +070.5052    -044.8887   +000.3330   +354.2843   111 114    
 116  Line            +070.5174    -044.8833   +000.3327   +269.9573   112 113    
 117  Intersection    +070.5174    -044.8899   +000.3330   +275.6730   115 116    
 118  Point           +106.6532    -033.5144   +000.4905                          
 119  Point           +106.7871    -033.4080   +000.4905                          
 120  Point           +106.9029    -033.5421   +000.4850                          
 121  Point           +106.7896    -033.6456   +000.4850                          
 122  Line            +106.7781    -033.5283   +000.4878   +353.6526   118 120    
 123  Line            +106.7883    -033.5268   +000.4878   +270.6127   119 121    
 124  Intersection    +106.7884    -033.5294   +000.4878   +276.9601   122 123    
 125  Point           +002.0072    -013.2169   -000.0172                          
 126  Point           +012.0516    -013.3265   -000.0132                          
 127  Point           +022.0067    -011.5969   -000.0322                          
 128  Point           +032.0765    -011.7068   -000.0372                          
 129  Point           +042.0062    -010.5145   -000.0496                          
 130  Point           +052.0044    -010.6235   -000.0583                          
 131  Point           +062.0249    -010.7328   -000.0546                          
 132  Point           +072.0104    -010.8417   -000.0631                          
 133  Point           +082.0269    -010.9509   -000.0612                          
 134  Point           +091.9995    -011.0597   -000.0663                          
 135  Point           +102.0153    -011.1688   -000.0800                          
 136  Point           +112.0001    -011.2776   -000.0693                          
 137  Point           +008.1551    -068.3509   -000.0298                          
 138  Point           +018.1544    -068.4600   -000.0310                          
 139  Point           +028.1587    -068.5692   -000.0416                          
 140  Point           +038.1401    -068.6781   -000.0420                          
 141  Point           +048.1705    -068.7875   -000.0609                          
 142  Point           +058.1855    -068.8966   -000.0615                          
 143  Point           +068.1675    -069.0054   -000.0620                          
 144  Point           +078.1496    -069.1141   -000.0626                          
 145  Point           +088.1551    -069.2231   -000.0617                          
 146  Point           +098.1661    -069.3322   -000.0631                          
 147  Point           +108.1558    -069.4411   -000.0633                          
 148  Point           +005.6699    -043.3391   +000.3138                          
 149  Point           +006.7730    -044.7484   +000.2837                          
 150  Point           +007.1716    -048.7437   +000.2814                          
 151  Point           +006.9951    -049.4354   +000.2630                          
 152  Point           +013.2034    -049.2946   +000.3422                          
 153  Point           +013.2557    -044.5295   +000.3452                          
 154  Point           +019.2668    -044.9167   +000.3794                          
 155  Point           +018.9364    -049.2841   +000.3493                          
 156  Point           +071.5926    -047.3535   +000.2886                          
 157  Point           +072.1432    -047.5786   +000.2730                          
 158  Point           +076.1540    -047.8228   +000.2555                          
 159  Point           +083.0489    -047.8160   +000.2697                          
 160  Point           +100.6370    -049.9094   +000.2325                          
 161  Point           +106.5645    -049.8224   +000.2195                          
 162  Point           +008.2545    -060.9710   +000.3331                          
 163  Point           +007.9761    -058.4552   +000.3115                          
 164  Point           +016.8721    -057.9052   +000.3470                          
 165  Point           +016.9388    -060.2167   +000.3512                          
 166  Point           +017.8156    -058.7801   +000.3361                          
 167  Point           +018.4875    -057.5577   +000.3379                          
 168  Point           +018.8244    -060.3463   +000.3452                          
 169  Point           +027.3798    -059.4910   +000.3298                          
 170  Point           +027.3744    -057.1546   +000.3367                          
 171  Point           +027.9475    -058.4671   +000.3375                          
 172  Point           +028.7018    -056.8966   +000.3274                          
 173  Point           +028.9865    -059.6625   +000.3392                          
 174  Point           +037.5788    -059.0337   +000.3383                          
 175  Point           +037.5841    -056.6835   +000.3158                          
 176  Point           +038.3034    -057.6614   +000.3296                          
 177  Point           +038.9279    -056.4421   +000.3256                          
 178  Point           +039.1523    -059.2244   +000.3366                          
 179  Point           +047.7308    -058.7304   +000.3405                          
 180  Point           +047.7566    -056.3799   +000.3148                          
 181  Point           +048.3000    -057.3955   +000.3220                          
 182  Point           +049.1360    -056.1779   +000.3072                          
 183  Point           +049.3075    -058.9566   +000.3250                          
 184  Point           +057.9125    -058.6433   +000.3026                          
 185  Point           +058.0196    -056.3097   +000.2912                          
 186  Point           +058.5272    -057.4869   +000.3010                          
 187  Point           +059.3495    -056.1067   +000.3102                          
 188  Point           +059.4736    -058.8804   +000.3177                          
 189  Point           +068.0742    -058.7386   +000.3298                          
 190  Point           +068.2308    -056.4100   +000.3109                          
 191  Point           +068.9050    -057.4920   +000.3235                          
 192  Point           +069.5637    -056.2440   +000.3007                          
 193  Point           +069.6102    -059.0284   +000.3116                          
 194  Point           +078.2273    -059.0693   +000.3178                          
 195  Point           +078.4261    -056.7191   +000.2956                          
 196  Point           +078.8261    -057.7736   +000.3081                          
 197  Point           +079.7633    -056.5792   +000.2879                          
 198  Point           +079.7773    -059.3627   +000.3098                          
 199  Point           +088.3795    -059.5704   +000.2800                          
 200  Point           +088.6307    -057.2354   +000.2875                          
 201  Point           +089.0899    -058.4526   +000.2954                          
 202  Point           +089.9592    -057.1159   +000.2869                          
 203  Point           +089.9051    -059.8976   +000.2807                          
 204  Point           +098.5120    -060.2724   +000.2757                          
 205  Point           +098.7985    -057.9563   +000.2557                          
 206  Point           +099.2295    -059.0016   +000.2618                          
 207  Point           +100.1313    -057.8478   +000.2374                          
 208  Midpoint        +100.0236    -060.6429   +000.2525   +000.0000              
 209  Point           +108.6360    -061.1753   +000.1963                          
 210  Point           +108.9640    -058.8616   +000.2091                          
  
