\\Phy-atlas-nas\ATLAS-lab\Xu_Metrology\Xu_R1_Routine_Test\20230329-full-ttl180.m
Step  Feature        X/R Location  Y/A Location  Z Location    Size    Reference  
================================================================================  
   1  Point           +000.0558    -000.0044   +000.0050                          
   2  Point           +000.2876    +000.0199   +000.0046                          
   3  Point           +000.0071    -000.0497   +000.0046                          
   4  Point           +000.0334    -000.2222   +000.0046                          
   5  Point           +114.5004    +000.0233   -000.0587                          
   6  Point           +114.7579    +000.0057   -000.0587                          
   7  Point           +114.8244    -000.0508   -000.0582                          
   8  Point           +114.8136    -000.2058   -000.0577                          
   9  Point           +107.9807    -084.6579   -000.0533                          
  10  Point           +107.9702    -084.8018   -000.0533                          
  11  Point           +107.9012    -084.8829   -000.0533                          
  12  Point           +107.7131    -084.8667   -000.0533                          
  13  Point           +010.2957    -084.5440   -000.0038                          
  14  Point           +010.0826    -084.5653   -000.0038                          
  15  Point           +010.0055    -084.5224   -000.0038                          
  16  Point           +009.9821    -084.3734   -000.0038                          
  17  Line            +000.1717    +000.0078   +000.0048   +005.9808   1 2        
  18  Line            +114.6291    +000.0145   -000.0587   +356.0948   5 6        
  19  Line            +114.8190    -000.1283   -000.0579   +266.0097   7 8        
  20  Line            +107.9754    -084.7298   -000.0533   +265.8143   9 10       
  21  Line            +107.8072    -084.8748   -000.0533   +175.0755   11 12      
  22  Line            +010.1892    -084.5547   -000.0038   +185.7192   13 14      
  23  Line            +009.9938    -084.4479   -000.0038   +098.8919   15 16      
  24  Line            +000.0202    -000.1359   +000.0046   +098.6478   4 3        
  25  Intersection    +000.0011    -000.0101   +000.0046   +267.3330   24 17      
  26  Intersection    +114.8280    +000.0010   -000.0587   +269.9149   18 19      
  27  Intersection    +107.9638    -084.8883   -000.0533   +269.2612   20 21      
  28  Intersection    +010.0133    -084.5723   -000.0038   +273.1727   22 23      
  29  Line            +057.4145    -000.0046   -000.0270   +000.0055   25 26      
  30  Line            +111.3959    -042.4437   -000.0560   +265.3771   26 27      
  31  Line            +058.9885    -084.7303   -000.0285   +179.8151   27 28      
  32  Line            +005.0072    -042.2912   +000.0004   +096.7524   28 25      
  33  Origin          +000.0000    +000.0000   +000.0000               25         
  34  Align X axis                                                     29         
  35  Point           +007.8358    -058.3900   +000.3083                          
  36  Point           +008.1444    -058.3707   +000.3083                          
  37  Point           +008.0430    -058.2948   +000.3093                          
  38  Point           +008.0649    -058.5999   +000.3088                          
  39  Point           +008.1643    -058.4931   +000.3083                          
  40  Point           +007.8577    -058.5273   +000.3078                          
  41  Point           +007.9465    -058.6061   +000.3078                          
  42  Point           +007.9073    -058.3296   +000.3088                          
  43  Line            +007.9901    -058.3803   +000.3083   +003.5901   35 36      
  44  Line            +008.0110    -058.5102   +000.3080   +006.3650   40 39      
  45  Line            +007.9269    -058.4679   +000.3083   +278.0601   42 41      
  46  Line            +008.0540    -058.4473   +000.3090   +274.1095   37 38      
  47  Intersection    +007.9152    -058.3850   +000.3083   +274.4700   43 45      
  48  Intersection    +008.0489    -058.3767   +000.3083   +270.5194   43 46      
  49  Intersection    +007.9341    -058.5187   +000.3080   +271.6951   44 45      
  50  Intersection    +008.0581    -058.5049   +000.3080   +267.7445   44 46      
  51  Line            +007.9866    -058.4450   +000.3081   +320.0230   47 50      
  52  Line            +007.9915    -058.4477   +000.3081   +051.0600   49 48      
  53  Intersection    +007.9908    -058.4485   +000.3081   +091.0370   51 52      
  54  Point           +108.4963    -061.1167   +000.1959                          
  55  Point           +108.7720    -061.1419   +000.1956                          
  56  Point           +108.6879    -061.0441   +000.1956                          
  57  Point           +108.6658    -061.3321   +000.1956                          
  58  Point           +108.7722    -061.2548   +000.1956                          
  59  Point           +108.4776    -061.2461   +000.1956                          
  60  Point           +108.5483    -061.3392   +000.1956                          
  61  Point           +108.5701    -061.0432   +000.1961                          
  62  Line            +108.6342    -061.1293   +000.1957   +354.7645   54 55      
  63  Line            +108.6249    -061.2504   +000.1956   +358.3056   59 58      
  64  Line            +108.6768    -061.1881   +000.1956   +265.6188   56 57      
  65  Line            +108.5592    -061.1912   +000.1959   +265.7775   61 60      
  66  Intersection    +108.5643    -061.1229   +000.1957   +271.0131   62 65      
  67  Intersection    +108.6810    -061.1336   +000.1957   +270.8543   62 64      
  68  Intersection    +108.6720    -061.2518   +000.1956   +092.6868   64 63      
  69  Intersection    +108.5550    -061.2484   +000.1956   +267.4720   63 65      
  70  Line            +108.6181    -061.1874   +000.1957   +309.8765   66 68      
  71  Line            +108.6180    -061.1910   +000.1957   +042.3217   69 67      
  72  Intersection    +108.6198    -061.1894   +000.1957   +267.5549   71 70      
  73  Point           +003.3023    -020.5053   +000.3064                          
  74  Point           +003.5972    -020.4671   +000.3064                          
  75  Point           +003.5016    -020.4007   +000.3069                          
  76  Point           +003.5288    -020.6848   +000.3069                          
  77  Point           +003.6274    -020.5930   +000.3054                          
  78  Point           +003.3142    -020.6270   +000.3053                          
  79  Point           +003.4072    -020.7175   +000.3053                          
  80  Point           +003.3654    -020.4053   +000.3059                          
  81  Line            +003.4498    -020.4862   +000.3064   +007.3786   73 74      
  82  Line            +003.4708    -020.6100   +000.3054   +006.2029   78 77      
  83  Line            +003.3863    -020.5614   +000.3056   +277.6260   80 79      
  84  Line            +003.5152    -020.5427   +000.3069   +275.4535   75 76      
  85  Intersection    +003.3774    -020.4955   +000.3064   +270.2474   81 83      
  86  Intersection    +003.5091    -020.4785   +000.3064   +268.0749   81 84      
  87  Intersection    +003.5211    -020.6046   +000.3069   +090.7494   84 82      
  88  Intersection    +003.3939    -020.6184   +000.3054   +271.4231   82 83      
  89  Line            +003.4493    -020.5500   +000.3067   +322.8030   85 87      
  90  Line            +003.4515    -020.5484   +000.3059   +050.5373   88 86      
  91  Intersection    +003.4498    -020.5505   +000.3059   +272.2657   90 89      
  92  Point           +111.4286    -022.9956   +000.2514                          
  93  Point           +111.7320    -023.0175   +000.2497                          
  94  Point           +111.6450    -022.9262   +000.2507                          
  95  Point           +111.6233    -023.2146   +000.2517                          
  96  Point           +111.7278    -023.1456   +000.2514                          
  97  Point           +111.4291    -023.1351   +000.2512                          
  98  Point           +111.4971    -023.2257   +000.2512                          
  99  Point           +111.5253    -022.9197   +000.2512                          
 100  Line            +111.5803    -023.0066   +000.2506   +355.8706   92 93      
 101  Line            +111.5785    -023.1403   +000.2513   +357.9774   97 96      
 102  Line            +111.6342    -023.0704   +000.2512   +265.7074   94 95      
 103  Line            +111.5112    -023.0727   +000.2512   +264.7216   99 98      
 104  Intersection    +111.5177    -023.0020   +000.2506   +268.8510   100 103    
 105  Intersection    +111.6386    -023.0108   +000.2506   +269.8367   100 102    
 106  Intersection    +111.6288    -023.1421   +000.2512   +092.2701   102 101    
 107  Intersection    +111.5052    -023.1378   +000.2513   +266.7442   101 103    
 108  Line            +111.5732    -023.0721   +000.2509   +308.4084   104 106    
 109  Line            +111.5719    -023.0743   +000.2509   +043.5765   107 105    
 110  Intersection    +111.5737    -023.0726   +000.2509   +264.8319   109 108    
 111  Point           +070.3793    -044.8785   +000.3358                          
 112  Point           +070.6337    -044.9038   +000.3343                          
 113  Point           +070.5098    -044.7501   +000.3355                          
 114  Point           +070.5128    -045.0292   +000.3358                          
 115  Line            +070.5065    -044.8912   +000.3351   +354.3203   111 112    
 116  Line            +070.5113    -044.8896   +000.3357   +270.6179   113 114    
 117  Intersection    +070.5114    -044.8917   +000.3351   +276.2976   115 116    
 118  Point           +106.6464    -033.5178   +000.4813                          
 119  Point           +106.8953    -033.5474   +000.4811                          
 120  Point           +106.7788    -033.3809   +000.4816                          
 121  Point           +106.7858    -033.6758   +000.4816                          
 122  Line            +106.7708    -033.5326   +000.4812   +353.2187   118 119    
 123  Line            +106.7823    -033.5284   +000.4816   +271.3610   120 121    
 124  Intersection    +106.7824    -033.5340   +000.4812   +278.1424   122 123    
 125  Point           +001.9998    -012.6942   -000.0143                          
 126  Point           +012.0009    -012.7859   -000.0173                          
 127  Point           +022.0290    -011.5737   -000.0294                          
 128  Point           +032.0001    -011.6651   -000.0375                          
 129  Point           +041.9991    -011.7567   -000.0408                          
 130  Point           +052.0125    -010.6074   -000.0464                          
 131  Point           +062.0007    -010.6989   -000.0546                          
 132  Point           +071.9989    -010.7905   -000.0608                          
 133  Point           +081.9996    -010.8816   -000.0616                          
 134  Point           +092.0003    -010.9732   -000.0616                          
 135  Point           +102.0003    -011.0648   -000.0693                          
 136  Point           +112.0022    -011.1558   -000.0648                          
 137  Point           +008.4062    -068.0444   -000.0310                          
 138  Point           +018.4037    -068.1355   -000.0299                          
 139  Point           +028.4012    -068.2272   -000.0374                          
 140  Point           +038.4022    -068.3188   -000.0435                          
 141  Point           +048.4004    -068.4100   -000.0529                          
 142  Point           +058.4016    -068.5015   -000.0567                          
 143  Point           +068.4019    -068.5930   -000.0657                          
 144  Point           +078.4006    -068.6840   -000.0701                          
 145  Point           +088.4008    -068.7755   -000.0663                          
 146  Point           +098.4009    -068.8671   -000.0627                          
 147  Point           +108.4003    -068.9581   -000.0727                          
 148  Point           +006.8151    -044.7523   +000.2758                          
 149  Point           +007.0874    -047.4901   +000.2693                          
 150  Point           +006.7549    -049.4387   +000.2617                          
 151  Point           +007.1557    -050.5465   +000.2520                          
 152  Point           +072.1924    -047.5065   +000.2806                          
 153  Point           +075.7706    -047.9638   +000.2550                          
 154  Point           +076.1746    -047.9675   +000.2523                          
 155  Point           +079.7588    -048.0974   +000.2433                          
 156  Point           +100.4651    -049.3625   +000.2263                          
 157  Point           +106.5538    -049.7108   +000.2215                          
 158  Point           +106.5446    -050.8203   +000.1931                          
 159  Point           +100.7671    -050.2324   +000.2164                          
 160  Point           +108.9719    -058.8738   +000.2016                          
 161  Point           +108.6395    -061.1860   +000.2010                          
 162  Point           +100.0066    -060.6220   +000.2517                          
 163  Point           +100.1330    -057.8673   +000.2394                          
 164  Point           +098.7962    -057.9526   +000.2503                          
 165  Point           +098.5077    -060.2777   +000.2671                          
 166  Point           +089.9630    -057.1172   +000.2787                          
 167  Point           +089.9229    -059.9441   +000.2714                          
 168  Point           +088.6167    -057.2504   +000.2822                          
 169  Point           +088.3817    -059.5759   +000.2765                          
 170  Point           +079.7678    -059.3536   +000.3027                          
 171  Point           +079.7775    -056.5724   +000.2941                          
 172  Point           +078.4344    -056.7326   +000.2937                          
 173  Point           +078.2298    -059.0615   +000.3081                          
 174  Point           +069.6178    -059.0271   +000.3115                          
 175  Point           +069.5600    -056.2428   +000.2968                          
 176  Point           +068.2318    -056.4092   +000.3070                          
 177  Point           +068.0706    -058.7520   +000.3220                          
 178  Point           +059.4641    -058.8792   +000.3151                          
 179  Point           +059.3540    -056.1169   +000.2920                          
 180  Point           +058.0161    -056.3082   +000.2844                          
 181  Point           +057.9126    -058.6375   +000.3013                          
 182  Point           +049.3008    -058.9492   +000.3277                          
 183  Point           +049.1345    -056.1649   +000.3058                          
 184  Point           +047.8167    -056.3968   +000.3108                          
 185  Point           +047.7535    -058.7455   +000.3309                          
 186  Point           +039.1462    -059.2187   +000.3300                          
 187  Point           +038.9229    -056.4423   +000.3087                          
 188  Point           +037.5880    -056.6971   +000.3105                          
 189  Point           +037.5664    -059.0347   +000.3231                          
 190  Point           +028.9846    -059.6816   +000.3305                          
 191  Point           +028.7057    -056.9027   +000.3156                          
 192  Point           +027.3645    -057.1915   +000.3178                          
 193  Point           +027.4051    -059.5106   +000.3224                          
 194  Point           +018.8306    -060.3486   +000.3410                          
 195  Point           +018.4912    -057.5752   +000.3278                          
 196  Point           +016.8647    -057.8888   +000.3327                          
 197  Point           +016.9436    -060.2283   +000.3321                          
 198  Point           +008.3852    -061.2144   +000.3300                          
 199  Point           +007.9854    -058.4294   +000.3043                          
 200  Point           +013.2763    -044.5415   +000.3375                          
 201  Point           +019.2697    -044.9064   +000.3608                          
 202  Point           +018.9413    -049.2719   +000.3369                          
 203  Point           +013.2078    -049.2568   +000.3334                          
 204  Point           +005.4951    -035.6462   +000.2030                          
 205  Point           +005.1918    -032.9171   +000.2072                          
 206  Point           +004.8451    -032.4559   +000.2048                          
 207  Point           +004.4984    -029.8149   +000.2265                          
 208  Point           +073.2577    -029.2914   +000.2261                          
 209  Point           +076.7725    -029.2451   +000.2355                          
 210  Point           +077.1812    -029.2878   +000.2384                          
 211  Point           +080.7661    -029.3962   +000.1966                          
 212  Point           +103.5996    -030.0598   +000.1528                          
 213  Point           +103.5907    -031.0253   +000.1594                          
 214  Point           +107.7872    -031.6468   +000.1481                          
 215  Point           +108.7698    -031.4828   +000.1506                          
 216  Point           +003.4459    -020.5533   +000.3044                          
 217  Point           +003.5448    -022.8950   +000.2946                          
 218  Point           +012.3986    -022.3010   +000.3440                          
 219  Point           +012.0062    -019.5277   +000.3533                          
 220  Point           +013.4080    -019.6635   +000.3554                          
 221  Point           +013.4485    -021.9936   +000.3471                          
 222  Point           +022.3209    -021.5489   +000.3372                          
 223  Point           +022.1176    -018.7642   +000.3547                          
 224  Point           +023.3725    -018.9488   +000.3518                          
 225  Point           +023.3749    -021.2860   +000.3353                          
 226  Point           +032.2468    -021.0108   +000.3358                          
 227  Point           +031.9524    -018.2343   +000.3523                          
 228  Point           +033.3348    -018.4100   +000.3487                          
 229  Point           +033.3013    -020.7425   +000.3393                          
 230  Point           +041.9424    -017.8478   +000.3347                          
 231  Point           +042.1802    -020.6318   +000.3157                          
 232  Point           +043.2445    -020.3845   +000.3134                          
 233  Point           +043.3271    -018.0471   +000.3371                          
 234  Point           +051.9215    -017.6502   +000.3617                          
 235  Point           +052.1283    -020.4384   +000.3287                          
 236  Point           +053.1700    -020.2130   +000.3228                          
 237  Point           +053.2980    -017.8844   +000.3552                          
 238  Point           +062.0192    -017.6382   +000.3323                          
 239  Point           +062.0540    -020.4219   +000.2906                          
 240  Point           +063.1199    -020.2226   +000.2938                          
 241  Point           +063.2726    -017.8788   +000.3269                          
 242  Point           +072.1446    -017.8115   +000.3207                          
 243  Point           +071.9893    -020.6034   +000.2851                          
 244  Point           +073.0323    -020.3974   +000.2876                          
 245  Point           +073.2522    -018.0852   +000.3203                          
 246  Point           +081.8369    -018.1633   +000.3124                          
 247  Point           +081.8903    -020.9361   +000.2973                          
 248  Point           +082.9469    -020.7783   +000.2877                          
 249  Point           +083.2008    -018.4574   +000.3105                          
 250  Point           +092.0471    -018.6899   +000.3140                          
 251  Point           +091.8059    -021.4720   +000.2876                          
 252  Point           +092.8598    -021.3311   +000.2866                          
 253  Point           +093.1558    -019.0086   +000.3059                          
 254  Point           +101.7672    -019.4185   +000.2644                          
 255  Point           +101.6966    -022.1921   +000.2435                          
 256  Point           +102.7642    -022.0769   +000.2454                          
 257  Point           +103.0943    -019.7397   +000.2605                          
 258  Point           +111.6769    -020.2883   +000.2732                          
 259  Point           +111.5691    -023.0765   +000.2520                          
 260  Point           +011.4031    -034.9693   +000.2628                          
 261  Point           +011.4462    -030.2487   +000.2940                          
 262  Point           +017.4619    -030.6348   +000.3125                          
 263  Point           +017.1457    -034.9809   +000.2804                          
 264  Point           +107.9885    -033.4633   +000.4561                          
 265  Point           +107.9701    -035.7704   +000.4550                          
 266  Point           +107.9448    -038.5154   +000.4311                          
 267  Point           +107.8676    -046.9280   +000.4066                          
 268  Point           +093.6609    -045.2588   +000.4793                          
 269  Point           +079.2233    -046.1348   +000.4472                          
 270  Point           +075.8132    -046.1035   +000.4552                          
 271  Point           +075.3582    -046.0994   +000.4571                          
 272  Point           +071.2066    -046.0618   +000.3570                          
 273  Point           +072.3535    -031.6904   +000.4430                          
 274  Point           +076.2038    -031.8601   +000.4688                          
 275  Point           +076.6558    -031.8643   +000.4666                          
 276  Point           +080.3504    -031.8981   +000.4525                          
 277  Point           +048.9657    -036.3837   +000.1935                          
 278  Point           +050.4312    -036.3976   +000.2231                          
 279  Point           +050.3219    -038.5468   +000.2348                          
 280  Point           +048.8448    -038.5338   +000.1992                          
  
