\\Phy-atlas-nas\ATLAS-lab\Xu_Metrology\Xu_R1_Routine_Test\20230329-full-ttl180.m
Step  Feature        X/R Location  Y/A Location  Z Location    Size    Reference  
================================================================================  
   1  Point           +000.0559    +000.0013   +000.0070                          
   2  Point           +000.2876    +000.0255   +000.0055                          
   3  Point           +000.0020    -000.0497   +000.0051                          
   4  Point           +000.0284    -000.2221   +000.0051                          
   5  Point           +114.5003    +000.0270   -000.0571                          
   6  Point           +114.7578    +000.0096   -000.0571                          
   7  Point           +114.8203    -000.0506   -000.0571                          
   8  Point           +114.8094    -000.2056   -000.0571                          
   9  Point           +107.9775    -084.6578   -000.0532                          
  10  Point           +107.9670    -084.8020   -000.0532                          
  11  Point           +107.9016    -084.8791   -000.0532                          
  12  Point           +107.7128    -084.8628   -000.0532                          
  13  Point           +010.2961    -084.5398   -000.0024                          
  14  Point           +010.0826    -084.5617   -000.0024                          
  15  Point           +010.0038    -084.5224   -000.0034                          
  16  Point           +009.9805    -084.3730   -000.0034                          
  17  Line            +000.1718    +000.0134   +000.0062   +005.9600   1 2        
  18  Line            +114.6290    +000.0183   -000.0571   +356.1265   5 6        
  19  Line            +114.8149    -000.1281   -000.0571   +265.9608   7 8        
  20  Line            +107.9723    -084.7299   -000.0532   +265.8497   9 10       
  21  Line            +107.8072    -084.8710   -000.0532   +175.0614   11 12      
  22  Line            +010.1893    -084.5508   -000.0024   +185.8694   13 14      
  23  Line            +009.9922    -084.4477   -000.0034   +098.8592   15 16      
  24  Line            +000.0152    -000.1359   +000.0051   +098.6991   4 3        
  25  Intersection    -000.0048    -000.0050   +000.0051   +267.2609   24 17      
  26  Intersection    +114.8243    +000.0051   -000.0571   +269.8343   18 19      
  27  Intersection    +107.9611    -084.8843   -000.0532   +269.2116   20 21      
  28  Intersection    +010.0111    -084.5691   -000.0024   +272.9899   22 23      
  29  Line            +057.4097    +000.0000   -000.0260   +000.0050   25 26      
  30  Line            +111.3927    -042.4396   -000.0551   +265.3777   26 27      
  31  Line            +058.9861    -084.7267   -000.0278   +179.8156   27 28      
  32  Line            +005.0031    -042.2870   +000.0013   +096.7548   28 25      
  33  Origin          +000.0000    +000.0000   +000.0000               25         
  34  Align X axis                                                     29         
  35  Point           +007.8361    -058.3922   +000.3076                          
  36  Point           +008.1440    -058.3728   +000.3076                          
  37  Point           +008.0453    -058.2945   +000.3085                          
  38  Point           +008.0672    -058.5996   +000.3080                          
  39  Point           +008.1635    -058.4949   +000.3075                          
  40  Point           +007.8577    -058.5285   +000.3075                          
  41  Point           +007.9487    -058.6065   +000.3075                          
  42  Point           +007.9097    -058.3295   +000.3086                          
  43  Line            +007.9900    -058.3825   +000.3076   +003.5955   35 36      
  44  Line            +008.0106    -058.5117   +000.3075   +006.2651   40 39      
  45  Line            +007.9292    -058.4680   +000.3081   +278.0124   42 41      
  46  Line            +008.0562    -058.4471   +000.3082   +274.1020   37 38      
  47  Intersection    +007.9178    -058.3870   +000.3076   +274.4168   43 45      
  48  Intersection    +008.0513    -058.3787   +000.3076   +270.5065   43 46      
  49  Intersection    +007.9365    -058.5198   +000.3075   +271.7473   44 45      
  50  Intersection    +008.0605    -058.5062   +000.3075   +267.8369   44 46      
  51  Line            +007.9891    -058.4466   +000.3076   +320.1267   47 50      
  52  Line            +007.9939    -058.4492   +000.3076   +050.8763   49 48      
  53  Intersection    +007.9932    -058.4501   +000.3076   +090.7497   51 52      
  54  Point           +108.4968    -061.1168   +000.1959                          
  55  Point           +108.7717    -061.1424   +000.1957                          
  56  Point           +108.6913    -061.0438   +000.1954                          
  57  Point           +108.6693    -061.3322   +000.1962                          
  58  Point           +108.7717    -061.2554   +000.1962                          
  59  Point           +108.4780    -061.2336   +000.1962                          
  60  Point           +108.5517    -061.3391   +000.1959                          
  61  Point           +108.5736    -061.0434   +000.1959                          
  62  Line            +108.6343    -061.1296   +000.1958   +354.6882   54 55      
  63  Line            +108.6248    -061.2445   +000.1962   +355.7567   59 58      
  64  Line            +108.6803    -061.1880   +000.1958   +265.6503   56 57      
  65  Line            +108.5627    -061.1912   +000.1959   +265.7610   61 60      
  66  Intersection    +108.5677    -061.1234   +000.1958   +271.0729   62 65      
  67  Intersection    +108.6844    -061.1343   +000.1958   +270.9621   62 64      
  68  Intersection    +108.6757    -061.2483   +000.1958   +090.1064   64 63      
  69  Intersection    +108.5591    -061.2396   +000.1962   +270.0043   63 65      
  70  Line            +108.6217    -061.1858   +000.1958   +310.8562   66 68      
  71  Line            +108.6217    -061.1869   +000.1960   +040.0652   69 67      
  72  Intersection    +108.6223    -061.1865   +000.1960   +270.7910   71 70      
  73  Point           +003.3028    -020.5069   +000.3047                          
  74  Point           +003.5975    -020.4687   +000.3048                          
  75  Point           +003.5032    -020.4005   +000.3053                          
  76  Point           +003.5307    -020.6841   +000.3063                          
  77  Point           +003.6276    -020.5944   +000.3058                          
  78  Point           +003.3142    -020.6282   +000.3053                          
  79  Point           +003.4092    -020.7174   +000.3053                          
  80  Point           +003.3674    -020.4057   +000.3058                          
  81  Line            +003.4502    -020.4878   +000.3047   +007.3804   73 74      
  82  Line            +003.4709    -020.6113   +000.3056   +006.1544   78 77      
  83  Line            +003.3883    -020.5615   +000.3056   +277.6383   80 79      
  84  Line            +003.5169    -020.5423   +000.3058   +275.5340   75 76      
  85  Intersection    +003.3797    -020.4969   +000.3047   +270.2579   81 83      
  86  Intersection    +003.5109    -020.4800   +000.3047   +268.1536   81 84      
  87  Intersection    +003.5231    -020.6057   +000.3058   +090.6204   84 82      
  88  Intersection    +003.3961    -020.6194   +000.3056   +271.4839   82 83      
  89  Line            +003.4514    -020.5513   +000.3053   +322.8319   85 87      
  90  Line            +003.4535    -020.5497   +000.3051   +050.5289   88 86      
  91  Intersection    +003.4519    -020.5517   +000.3051   +272.3030   90 89      
  92  Point           +111.4285    -022.9962   +000.2505                          
  93  Point           +111.7323    -023.0173   +000.2505                          
  94  Point           +111.6474    -022.9259   +000.2520                          
  95  Point           +111.6260    -023.2145   +000.2515                          
  96  Point           +111.7275    -023.1585   +000.2515                          
  97  Point           +111.4294    -023.1349   +000.2510                          
  98  Point           +111.4995    -023.2257   +000.2510                          
  99  Point           +111.5277    -022.9199   +000.2515                          
 100  Line            +111.5804    -023.0068   +000.2505   +356.0205   92 93      
 101  Line            +111.5785    -023.1467   +000.2512   +355.4662   97 96      
 102  Line            +111.6367    -023.0702   +000.2517   +265.7513   94 95      
 103  Line            +111.5136    -023.0728   +000.2512   +264.7501   99 98      
 104  Intersection    +111.5201    -023.0026   +000.2505   +268.7296   100 103    
 105  Intersection    +111.6411    -023.0110   +000.2505   +269.7307   100 102    
 106  Intersection    +111.6307    -023.1508   +000.2517   +089.7149   102 101    
 107  Intersection    +111.5073    -023.1410   +000.2512   +269.2839   101 103    
 108  Line            +111.5754    -023.0767   +000.2511   +306.7401   104 106    
 109  Line            +111.5742    -023.0760   +000.2509   +044.1901   107 105    
 110  Intersection    +111.5746    -023.0756   +000.2509   +262.5500   109 108    
 111  Point           +070.3793    -044.8799   +000.3354                          
 112  Point           +070.6341    -044.9050   +000.3354                          
 113  Point           +070.5135    -044.7500   +000.3364                          
 114  Point           +070.5162    -045.0290   +000.3359                          
 115  Line            +070.5067    -044.8924   +000.3354   +354.3686   111 112    
 116  Line            +070.5149    -044.8895   +000.3362   +270.5560   113 114    
 117  Intersection    +070.5149    -044.8933   +000.3354   +276.1874   115 116    
 118  Point           +106.6464    -033.5178   +000.4801                          
 119  Point           +106.8947    -033.5471   +000.4804                          
 120  Point           +106.7814    -033.3806   +000.4799                          
 121  Point           +106.7883    -033.6761   +000.4806                          
 122  Line            +106.7706    -033.5324   +000.4802   +353.2599   118 119    
 123  Line            +106.7849    -033.5284   +000.4802   +271.3440   120 121    
 124  Intersection    +106.7850    -033.5342   +000.4802   +278.0841   122 123    
 125  Point           +001.9997    -012.6942   -000.0175                          
 126  Point           +012.0008    -012.7856   -000.0185                          
 127  Point           +022.0290    -011.5737   -000.0325                          
 128  Point           +032.0001    -011.6648   -000.0420                          
 129  Point           +041.9992    -011.7567   -000.0439                          
 130  Point           +052.0126    -010.6076   -000.0504                          
 131  Point           +062.0008    -010.6988   -000.0596                          
 132  Point           +071.9990    -010.7901   -000.0654                          
 133  Point           +081.9992    -010.8815   -000.0661                          
 134  Point           +091.9999    -010.9734   -000.0689                          
 135  Point           +101.9995    -011.0647   -000.0714                          
 136  Point           +112.0019    -011.1560   -000.0731                          
 137  Point           +008.4058    -068.0447   -000.0369                          
 138  Point           +018.4033    -068.1355   -000.0382                          
 139  Point           +028.4009    -068.2269   -000.0433                          
 140  Point           +038.4019    -068.3189   -000.0485                          
 141  Point           +048.4001    -068.4102   -000.0556                          
 142  Point           +058.4013    -068.5015   -000.0659                          
 143  Point           +068.4015    -068.5928   -000.0712                          
 144  Point           +078.4002    -068.6840   -000.0754                          
 145  Point           +088.4000    -068.7753   -000.0718                          
 146  Point           +098.4006    -068.8671   -000.0657                          
 147  Point           +108.4000    -068.9583   -000.0752                          
 148  Point           +006.8150    -044.7521   +000.2775                          
 149  Point           +007.0873    -047.4899   +000.2680                          
 150  Point           +006.7547    -049.4385   +000.2587                          
 151  Point           +007.1557    -050.5465   +000.2505                          
 152  Point           +072.1924    -047.5061   +000.2674                          
 153  Point           +075.7704    -047.9647   +000.2563                          
 154  Point           +076.1744    -047.9676   +000.2457                          
 155  Point           +079.7589    -048.0977   +000.2437                          
 156  Point           +100.4650    -049.3626   +000.2256                          
 157  Point           +106.5538    -049.7112   +000.2185                          
 158  Point           +106.5442    -050.8208   +000.1940                          
 159  Point           +100.7676    -050.2324   +000.2118                          
 160  Point           +108.9720    -058.8738   +000.1971                          
 161  Point           +108.6399    -061.1860   +000.1967                          
 162  Point           +100.0062    -060.6219   +000.2464                          
 163  Point           +100.1332    -057.8670   +000.2363                          
 164  Point           +098.7966    -057.9526   +000.2467                          
 165  Point           +098.5078    -060.2777   +000.2603                          
 166  Point           +089.9632    -057.1173   +000.2729                          
 167  Point           +089.9230    -059.9442   +000.2740                          
 168  Point           +088.6166    -057.2503   +000.2767                          
 169  Point           +088.3818    -059.5760   +000.2718                          
 170  Point           +079.7682    -059.3532   +000.2918                          
 171  Point           +079.7779    -056.5725   +000.2892                          
 172  Point           +078.4340    -056.7330   +000.2907                          
 173  Point           +078.2302    -059.0616   +000.3021                          
 174  Point           +069.6180    -059.0267   +000.3055                          
 175  Point           +069.5602    -056.2428   +000.2897                          
 176  Point           +068.2317    -056.4090   +000.3080                          
 177  Point           +068.0708    -058.7520   +000.3180                          
 178  Point           +059.4639    -058.8788   +000.3105                          
 179  Point           +059.3538    -056.1168   +000.2938                          
 180  Point           +058.0161    -056.3084   +000.2795                          
 181  Point           +057.9123    -058.6375   +000.2994                          
 182  Point           +049.3008    -058.9493   +000.3227                          
 183  Point           +049.1341    -056.1651   +000.2969                          
 184  Point           +047.8164    -056.3970   +000.3061                          
 185  Point           +047.7539    -058.7456   +000.3269                          
 186  Point           +039.1462    -059.2183   +000.3255                          
 187  Point           +038.9228    -056.4420   +000.3102                          
 188  Point           +037.5880    -056.6971   +000.3126                          
 189  Point           +037.5666    -059.0347   +000.3172                          
 190  Point           +028.9846    -059.6817   +000.3272                          
 191  Point           +028.7058    -056.9028   +000.3200                          
 192  Point           +027.3646    -057.1919   +000.3186                          
 193  Point           +027.4054    -059.5106   +000.3236                          
 194  Point           +018.8309    -060.3487   +000.3312                          
 195  Point           +018.4914    -057.5757   +000.3279                          
 196  Point           +016.8650    -057.8892   +000.3311                          
 197  Point           +016.9436    -060.2283   +000.3352                          
 198  Point           +008.3854    -061.2141   +000.3226                          
 199  Point           +007.9856    -058.4294   +000.3019                          
 200  Point           +013.2762    -044.5418   +000.3346                          
 201  Point           +019.2690    -044.9065   +000.3619                          
 202  Point           +018.9411    -049.2725   +000.3311                          
 203  Point           +013.2080    -049.2571   +000.3274                          
 204  Point           +005.4948    -035.6457   +000.1983                          
 205  Point           +005.1919    -032.9171   +000.2072                          
 206  Point           +004.8454    -032.4559   +000.2064                          
 207  Point           +004.4986    -029.8148   +000.2179                          
 208  Point           +073.2578    -029.2904   +000.2266                          
 209  Point           +076.7732    -029.2453   +000.2304                          
 210  Point           +077.1818    -029.2882   +000.2290                          
 211  Point           +080.7661    -029.3964   +000.1906                          
 212  Point           +103.6004    -030.0596   +000.1454                          
 213  Point           +103.5914    -031.0252   +000.1552                          
 214  Point           +107.7876    -031.6469   +000.1445                          
 215  Point           +108.7699    -031.4830   +000.1437                          
 216  Point           +003.4460    -020.5533   +000.2996                          
 217  Point           +003.5441    -022.8946   +000.2983                          
 218  Point           +012.3986    -022.3006   +000.3332                          
 219  Point           +012.0061    -019.5275   +000.3474                          
 220  Point           +013.4077    -019.6637   +000.3553                          
 221  Point           +013.4485    -021.9934   +000.3427                          
 222  Point           +022.3208    -021.5491   +000.3279                          
 223  Point           +022.1175    -018.7645   +000.3552                          
 224  Point           +023.3731    -018.9486   +000.3561                          
 225  Point           +023.3747    -021.2859   +000.3352                          
 226  Point           +032.2467    -021.0106   +000.3368                          
 227  Point           +031.9523    -018.2341   +000.3482                          
 228  Point           +033.3350    -018.4100   +000.3530                          
 229  Point           +033.3012    -020.7424   +000.3378                          
 230  Point           +041.9426    -017.8478   +000.3240                          
 231  Point           +042.1804    -020.6317   +000.3129                          
 232  Point           +043.2441    -020.3847   +000.3070                          
 233  Point           +043.3270    -018.0473   +000.3309                          
 234  Point           +051.9216    -017.6504   +000.3614                          
 235  Point           +052.1284    -020.4385   +000.3287                          
 236  Point           +053.1700    -020.2132   +000.3238                          
 237  Point           +053.2978    -017.8843   +000.3538                          
 238  Point           +062.0190    -017.6383   +000.3215                          
 239  Point           +062.0538    -020.4220   +000.2919                          
 240  Point           +063.1201    -020.2225   +000.2909                          
 241  Point           +063.2725    -017.8794   +000.3237                          
 242  Point           +072.1448    -017.8111   +000.3137                          
 243  Point           +071.9895    -020.6032   +000.2809                          
 244  Point           +073.0319    -020.3969   +000.2905                          
 245  Point           +073.2520    -018.0850   +000.3192                          
 246  Point           +081.8367    -018.1636   +000.3154                          
 247  Point           +081.8901    -020.9365   +000.2926                          
 248  Point           +082.9464    -020.7784   +000.2866                          
 249  Point           +083.2007    -018.4574   +000.3100                          
 250  Point           +092.0472    -018.6898   +000.3014                          
 251  Point           +091.8060    -021.4720   +000.2782                          
 252  Point           +092.8596    -021.3309   +000.2816                          
 253  Point           +093.1559    -019.0088   +000.3000                          
 254  Point           +101.7673    -019.4182   +000.2634                          
 255  Point           +101.6967    -022.1917   +000.2455                          
 256  Point           +102.7640    -022.0767   +000.2373                          
 257  Point           +103.0944    -019.7395   +000.2518                          
 258  Point           +111.6767    -020.2885   +000.2608                          
 259  Point           +111.5690    -023.0767   +000.2516                          
 260  Point           +011.4030    -034.9689   +000.2601                          
 261  Point           +011.4462    -030.2483   +000.2865                          
 262  Point           +017.4619    -030.6353   +000.3096                          
 263  Point           +017.1457    -034.9809   +000.2825                          
 264  Point           +107.9888    -033.4633   +000.4443                          
 265  Point           +107.9698    -035.7709   +000.4498                          
 266  Point           +107.9445    -038.5159   +000.4267                          
 267  Point           +107.8671    -046.9281   +000.3946                          
 268  Point           +093.6609    -045.2588   +000.4785                          
 269  Point           +079.2231    -046.1347   +000.4385                          
 270  Point           +075.8136    -046.1040   +000.4487                          
 271  Point           +075.3585    -046.0996   +000.4540                          
 272  Point           +071.2065    -046.0618   +000.3590                          
 273  Point           +072.3536    -031.6900   +000.4413                          
 274  Point           +076.2038    -031.8605   +000.4712                          
 275  Point           +076.6553    -031.8644   +000.4644                          
 276  Point           +080.3504    -031.8982   +000.4504                          
 277  Point           +048.9654    -036.3839   +000.1911                          
 278  Point           +050.4309    -036.3977   +000.2206                          
 279  Point           +050.3220    -038.5468   +000.2297                          
 280  Point           +048.8445    -038.5338   +000.1978                          
  
