Xu-202302015-test-z-55.RTN
Step  Feature        X/R Location  Y/A Location  Z Location    Size    Reference
================================================================================
   1  Point           +145.05093    +081.23142  +019.68636            
   2  Point           +146.63460    +081.24402  +019.69376            
   3  Point           +147.89329    +081.26064  +019.69706            
   4  Point           +149.07737    +081.23746  +019.70096            
   5  Point           +150.87893    +081.25761  +019.70886            
   6  Point           +151.30650    +079.77248  +019.71086            
   7  Point           +148.75574    +079.81692  +019.69916            
   8  Point           +147.17474    +079.80483  +019.69326            
   9  Point           +145.66425    +079.77690  +019.68816            
  10  Point           +143.99378    +079.80132  +019.68776            
  11  Point           +143.37409    +078.50482  +019.68266            
  12  Point           +148.71725    +078.51239  +019.70026            
  13  Point           +148.72131    +078.50799  +019.70026            
  14  Point           +149.57458    +078.48893  +019.70176            
  15  Point           +151.29923    +078.49265  +019.70896            
  16  Point           +151.28978    +077.55205  +019.70746            
  17  Point           +150.03539    +077.53733  +019.70386            
  18  Point           +148.82279    +077.52742  +019.70186            
  19  Point           +147.14396    +077.56275  +019.69516            
  20  Point           +143.34264    +077.53128  +019.68186            
  21  Point           +143.32240    +076.42702  +019.68486            
  22  Point           +145.33572    +076.45268  +019.68726            
  23  Point           +146.81091    +076.44889  +019.69196            
  24  Point           +148.59277    +076.46110  +019.69926            
  25  Point           +151.29921    +076.45896  +019.70776            
  26  Point           +158.47342    +082.90334  +020.68926            
  27  Point           +160.51682    +082.90937  +020.68436            
  28  Point           +161.93084    +082.90638  +020.68496            
  29  Point           +165.83126    +082.89229  +020.67876            
  30  Point           +166.42638    +082.91738  +020.67826            
  31  Point           +166.44359    +081.06076  +020.67766            
  32  Point           +165.15478    +081.08049  +020.68166            
  33  Point           +163.48859    +081.07590  +020.68236            
  34  Point           +161.97199    +081.09107  +020.68536            
  35  Point           +158.78807    +081.10073  +020.69076            
  36  Point           +158.77330    +079.24519  +020.69126            
  37  Point           +160.98065    +079.23078  +020.68736            
  38  Point           +162.23223    +079.25888  +020.68686            
  39  Point           +164.77256    +079.23376  +020.68156            
  40  Point           +166.54046    +079.22790  +020.67836            
  41  Point           +166.51930    +078.03708  +020.67946            
  42  Point           +164.94873    +078.06121  +020.68296            
  43  Point           +162.87793    +078.04176  +020.68506            
  44  Point           +161.34857    +078.04885  +020.68756            
  45  Point           +160.82508    +078.06443  +020.68696            
  46  Point           +160.86493    +075.56189  +020.69126            
  47  Point           +162.84068    +075.56181  +020.68826            
  48  Point           +164.25593    +075.54069  +020.68616            
  49  Point           +165.78751    +075.56836  +020.68366            
  50  Point           +166.58023    +075.55056  +020.68426            
