
Step  Feature        X/R Location  Y/A Location  Z Location    Size    Reference
================================================================================
   1  Point           +228.41807    +060.16601  +014.44936            
   2  Point           +237.98418    +060.16596  +014.45315            
   3  Point           +254.05190    +060.16587  +014.46002            
   4  Point           +265.97415    +060.16581  +014.46783            
   5  Point           +224.53411    +082.33450  +014.44589            
   6  Point           +239.00360    +082.33437  +014.45150            
   7  Point           +252.45920    +082.33447  +014.45926            
   8  Point           +265.79545    +082.33448  +014.46691            
   9  Point           +227.77742    +085.52879  +014.44929            
  10  Point           +238.82987    +085.52860  +014.45597            
  11  Point           +252.08847    +085.52856  +014.46281            
  12  Point           +264.64282    +085.52853  +014.46106            
  13  Point           +226.16161    +089.41496  +014.60002            
  14  Point           +239.79457    +089.41493  +014.60782            
  15  Point           +252.57400    +089.41490  +014.63623            
  16  Point           +266.69619    +089.41488  +014.66036            
  17  Point           +226.58705    +106.39766  +026.89292            
  18  Point           +233.83226    +106.39766  +026.89177            
  19  Point           +260.16931    +106.39757  +026.90599            
  20  Point           +269.57892    +106.39761  +026.90848            
  21  Point           +226.04111    +114.43653  +026.90611            
  22  Point           +235.40460    +114.43654  +026.91213            
  23  Point           +260.40761    +114.43647  +026.92344            
  24  Point           +270.19039    +114.43653  +026.93229            
