Xu-20230227-test-z.RTN
Step  Feature        X/R Location  Y/A Location  Z Location    Size    Reference
================================================================================
   1  Point           +000.39828    +000.12174  +000.00000            
   2  Point           +010.00200    +000.30920  +000.03210            
   3  Point           +039.76490    +000.81926  +000.03230            
   4  Point           +048.71399    +000.96630  +000.03230            
   5  Point           +049.65604    +000.31155  +000.03230            
   6  Point           +049.83414    -010.07304  +000.02690            
   7  Point           +050.01729    -020.62728  +000.02690            
   8  Point           +050.18706    -030.36019  +000.02690            
   9  Point           +049.17374    -033.70667  +000.02690            
  10  Point           +039.45842    -033.88461  +000.02690            
  11  Point           +010.39874    -034.38066  +000.02690            
  12  Point           +001.42229    -034.52239  +000.02690            
  13  Point           +000.61018    -034.05560  +000.01610            
  14  Point           +000.43373    -024.14140  +000.03710            
  15  Point           +000.17796    -011.39810  +000.03710            
  16  Point           -000.01031    -001.37820  +000.03710            
  17  Line            +005.20014    +000.21547  +000.01605  +001.11823 1 2      
  18  Line            +044.23944    +000.89278  +000.03230  +000.94129 3 4      
  19  Line            +049.74509    -004.88075  +000.02960  -089.01748 5 6      
  20  Line            +050.10217    -025.49373  +000.02690  -089.00069 7 8      
  21  Line            +044.31608    -033.79564  +000.02690  -178.95071 9 10     
  22  Line            +005.91052    -034.45153  +000.02690  -179.09540 11 12    
  23  Line            +000.52195    -029.09850  +000.02660  +091.01965 13 14    
  24  Line            +000.08383    -006.38815  +000.03710  +091.07639 15 16    
  25  Intersect       -000.03826    +000.11322  +000.01782  +089.95816 24 17    
  26  Intersect       +049.64455    +000.98158  +000.03247  +089.95877 18 19    
  27  Intersect       +050.24509    -033.68705  +000.02690  +089.95002 20 21    
  28  Intersect       +000.61872    -034.53507  +000.02099  +089.88495 22 23    
  29  Line            +024.80314    +000.54740  +000.02515  +001.00132 25 26    
  30  Line            +049.94482    -016.35273  +000.02969  -089.00761 26 27    
  31  Line            +025.43190    -034.11106  +000.02395  -179.02102 27 28    
  32  Line            +000.29023    -017.21092  +000.01941  +091.08627 28 25    
  33  Datum Origin    +000.00000    +000.00000  +000.00000             25       
  34  Datum Axis      +000.00000                                       29       
  35  Point           +022.95457    -011.71400  +000.02078            
  36  Point           +023.04523    -011.73016  +000.02088            
  37  Point           +023.10362    -011.75799  +000.02128            
  38  Point           +023.17249    -011.75391  +000.02098            
  39  Point           +022.97744    -011.82360  +000.01998            
  40  Point           +023.04439    -011.82306  +000.02058            
  41  Point           +023.10884    -011.81856  +000.02118            
  42  Point           +023.18205    -011.81805  +000.02098            
  43  Point           +022.95332    -011.89547  +000.02118            
  44  Point           +023.02278    -011.86804  +000.02118            
  45  Point           +023.11035    -011.85576  +000.02158            
  46  Point           +023.17091    -011.87578  +000.02168            
  47  Point           +022.98206    -011.98987  +000.02188            
  48  Point           +023.04668    -011.96948  +000.02238            
  49  Point           +023.15271    -011.97092  +000.02208            
  50  Point           +023.24758    -011.97812  +000.02208            
  51  Point           +012.49902    -003.18928  +004.02157            
  52  Point           +017.34173    -003.12666  +004.03517            
  53  Point           +020.25383    -003.11540  +004.04647            
  54  Point           +020.79156    -003.49954  +004.04647            
  55  Point           +020.92988    -013.76641  +004.04477            
  56  Point           +021.01828    -022.06943  +004.04417            
  57  Point           +021.10244    -032.45793  +004.04297            
  58  Point           +020.88550    -032.73458  +004.04297            
  59  Point           +017.83086    -032.78359  +004.03027            
  60  Point           +012.82465    -032.81923  +004.01447            
  61  Point           +012.43512    -032.35313  +004.01447            
  62  Point           +012.30633    -022.33300  +004.01557            
  63  Point           +012.19966    -012.80127  +004.01807            
  64  Point           +012.11490    -004.22790  +004.02177            
  65  Line            +012.37073    -027.34307  +004.01502  +090.73640 61 62    
  66  Line            +012.15728    -008.51459  +004.01992  +090.56648 63 64    
  67  Line            +020.86072    -008.63297  +004.04562  -089.22811 54 55    
  68  Line            +021.06036    -027.26368  +004.04357  -089.53584 56 57    
  69  Line            +019.35818    -032.75908  +004.03662  -179.08076 58 59    
  70  Line            +015.32776    -032.80141  +004.02237  -179.59207 59 60    
  71  Line            +014.92038    -003.15797  +004.02837  +000.74083 51 52    
  72  Line            +018.79778    -003.12103  +004.04082  +000.22151 52 53    
  73  Intersect       +020.78635    -003.11334  +004.04754  +089.44966 72 67    
  74  Intersect       +021.10465    -032.73106  +004.04341  +089.54489 68 69    
  75  Intersect       +012.44115    -032.82196  +004.01384  +089.67155 70 65    
  76  Intersect       +012.10468    -003.19438  +004.02134  +089.82558 66 71    
  77  Line            +016.44551    -003.15386  +004.03444  +000.53479 76 73    
  78  Line            +020.94550    -017.92220  +004.04547  -089.38426 73 74    
  79  Line            +012.27292    -018.00817  +004.01759  +090.65066 75 76    
  80  Line            +016.77290    -032.77651  +004.02863  -179.39884 74 75    
  81  Point           +012.44330    -003.43973  +004.02197            
  82  Point           +014.22088    -003.48117  +004.02637            
  83  Point           +016.28210    -003.45561  +004.03597            
  84  Point           +018.33470    -003.53351  +004.04137            
  85  Point           +020.54213    -003.54298  +004.04667            
  86  Point           +012.43357    -010.90938  +004.02147            
  87  Point           +014.48728    -010.94172  +004.02737            
  88  Point           +016.52359    -010.97457  +004.03217            
  89  Point           +018.58891    -011.00174  +004.04037            
  90  Point           +020.58601    -011.04663  +004.04707            
  91  Point           +012.82909    -018.74129  +004.02247            
  92  Point           +014.64639    -018.74464  +004.02397            
  93  Point           +016.61063    -018.81069  +004.03057            
  94  Point           +018.56270    -018.84448  +004.03937            
  95  Point           +020.72016    -018.85246  +004.04367            
  96  Point           +012.59728    -025.46475  +004.01537            
  97  Point           +014.60435    -025.49153  +004.02297            
  98  Point           +016.49182    -025.51591  +004.02957            
  99  Point           +018.60374    -025.59326  +004.03597            
 100  Point           +020.86238    -025.58229  +004.04457            
 101  Point           +012.71244    -032.58899  +004.01377            
 102  Point           +014.87913    -032.58971  +004.02207            
 103  Point           +016.70366    -032.60886  +004.02757            
 104  Point           +018.65632    -032.59399  +004.03607            
 105  Point           +020.81498    -032.55690  +004.04177            
 106  Point           +027.54303    -002.84833  +005.02337            
 107  Point           +031.32782    -002.78245  +005.02367            
 108  Point           +034.47635    -002.77650  +005.02427            
 109  Point           +035.97948    -003.43482  +005.01667            
 110  Point           +036.10723    -013.25886  +005.01667            
 111  Point           +036.19730    -021.48630  +005.01537            
 112  Point           +036.29543    -032.18112  +005.02137            
 113  Point           +035.72142    -032.30361  +005.02137            
 114  Point           +031.67218    -032.36356  +005.02137            
 115  Point           +028.09752    -032.35212  +005.02137            
 116  Point           +027.65410    -030.85327  +005.02137            
 117  Point           +027.53906    -021.48871  +005.02137            
 118  Point           +027.47973    -013.22161  +005.02137            
 119  Point           +027.41570    -003.06713  +005.02137            
 120  Line            +029.43542    -002.81539  +005.02352  +000.99732 106 107  
 121  Line            +032.90208    -002.77948  +005.02397  +000.10814 107 108  
 122  Line            +036.04336    -008.34684  +005.01667  -089.25498 109 110  
 123  Line            +036.24636    -026.83371  +005.01837  -089.47429 111 112  
 124  Line            +033.69680    -032.33358  +005.02137  -179.15171 113 114  
 125  Line            +029.88485    -032.35784  +005.02137  +179.81658 114 115  
 126  Line            +027.59658    -026.17099  +005.02137  +090.70383 116 117  
 127  Line            +027.44771    -008.14437  +005.02137  +090.36125 118 119  
 128  Intersect       +027.41434    -002.85057  +005.02236  +089.36393 127 120  
 129  Intersect       +035.97088    -002.77368  +005.02061  +089.36312 121 122  
 130  Intersect       +036.29648    -032.29509  +005.02140  +089.67742 123 124  
 131  Intersect       +027.67250    -032.35076  +005.02137  +089.11274 125 126  
 132  Line            +031.69261    -002.81213  +005.02149  +000.51485 128 129  
 133  Line            +036.13368    -017.53439  +005.02101  -089.36811 129 130  
 134  Line            +031.98449    -032.32292  +005.02139  -179.63018 130 131  
 135  Line            +027.54342    -017.60067  +005.02187  +090.50139 131 128  
 136  Point           +027.65834    -003.08469  +005.02547            
 137  Point           +029.75124    -003.06258  +005.02317            
 138  Point           +031.84873    -003.13153  +005.02507            
 139  Point           +033.95052    -003.16102  +005.01887            
 140  Point           +035.67563    -003.18607  +005.01767            
 141  Point           +027.71431    -011.21868  +005.03347            
 142  Point           +029.87534    -011.25244  +005.03427            
 143  Point           +031.88855    -011.29478  +005.02487            
 144  Point           +033.93521    -011.29757  +005.02227            
 145  Point           +035.77367    -011.34679  +005.01877            
 146  Point           +027.82257    -019.68786  +005.02867            
 147  Point           +029.84079    -019.69374  +005.02777            
 148  Point           +031.85492    -019.78680  +005.02697            
 149  Point           +033.76920    -019.76749  +005.02127            
 150  Point           +035.92325    -019.83735  +005.01877            
 151  Point           +027.85022    -027.37113  +005.03157            
 152  Point           +029.68499    -027.38047  +005.03047            
 153  Point           +031.92340    -027.40585  +005.02677            
 154  Point           +033.88642    -027.46720  +005.02477            
 155  Point           +036.03512    -027.50831  +005.01877            
 156  Point           +027.96569    -032.08966  +005.02937            
 157  Point           +029.68137    -032.10823  +005.02907            
 158  Point           +031.89319    -032.10350  +005.02557            
 159  Point           +033.84674    -032.10510  +005.02387            
 160  Point           +036.13938    -032.15554  +005.02287            
 161  Intersect       +036.32295    -034.66856  +002.51448  +090.65423 133 31   
 162  Intersect       +027.67685    -032.66211  +004.54360  +090.09978 80 135   
 163  Line            +018.18717    -034.66152  +001.25882  -000.02224 28 161   
 164  Line            +028.55465    -018.89095  +003.28101  +116.21390 161 73   
 165  Line            +010.41886    -018.88391  +002.02535  -123.32070 73 28    
 166  Plane           +019.05356    -024.14546  +002.18840  +083.84343 164 165..
