Xu-20230317-probe-test.RTN
Step  Feature        X/R Location  Y/A Location  Z Location    Size    Reference
================================================================================
   1  Point           +149.27633    +085.07236  +035.00328            
   2  Point           +149.27590    +077.99787  +035.00898            
   3  Point           +149.27567    +071.45116  +035.00918            
   4  Point           +149.27556    +065.40625  +035.00818            
   5  Point           +149.27106    +055.33163  +035.00368            
   6  Point           +154.51974    +083.74799  +035.00478            
   7  Point           +154.51922    +078.13449  +035.00768            
   8  Point           +154.51878    +070.88567  +035.00858            
   9  Point           +154.51867    +065.50230  +035.00788            
  10  Point           +154.51849    +056.31124  +035.00458            
  11  Point           +170.40296    +082.69087  +035.00638            
  12  Point           +170.40149    +074.84365  +035.00508            
  13  Point           +170.40123    +066.60311  +035.00488            
  14  Point           +171.48541    +061.27569  +035.00498            
  15  Point           +171.48518    +054.55185  +035.00358            
  16  Point           +186.67345    +085.16667  +035.00198            
  17  Point           +186.67348    +078.09734  +035.00258            
  18  Point           +186.67321    +069.52948  +035.00428            
  19  Point           +186.67298    +062.53033  +035.00358            
  20  Point           +186.67286    +055.88528  +035.00188            
  21  Point           +194.18485    +085.52340  +034.99838            
  22  Point           +194.18467    +077.12825  +034.99948            
  23  Point           +194.18454    +070.41030  +035.00058            
  24  Point           +194.18432    +063.76255  +034.99988            
  25  Point           +194.18417    +055.66208  +034.99778            
  26  Point           +158.96858    +083.06747  +039.01187            
  27  Point           +160.48795    +083.06758  +039.01447            
  28  Point           +161.77833    +083.06749  +039.01477            
  29  Point           +163.65199    +083.06770  +039.01487            
  30  Point           +165.04157    +083.06740  +039.01477            
  31  Point           +159.84073    +077.44947  +039.01517            
  32  Point           +160.88741    +077.44948  +039.01707            
  33  Point           +162.93558    +077.44918  +039.01917            
  34  Point           +163.98416    +077.44959  +039.02007            
  35  Point           +165.94903    +077.44940  +039.01727            
  36  Point           +160.22670    +070.98445  +039.01477            
  37  Point           +161.79377    +070.98436  +039.01957            
  38  Point           +163.14835    +070.98456  +039.02317            
  39  Point           +164.74312    +070.98427  +039.02347            
  40  Point           +166.41280    +070.98427  +039.02207            
  41  Point           +161.22726    +064.86093  +039.01617            
  42  Point           +162.15685    +064.86104  +039.01817            
  43  Point           +163.52613    +064.86114  +039.02297            
  44  Point           +165.04180    +064.86084  +039.02567            
  45  Point           +167.14747    +064.86095  +039.02047            
  46  Point           +161.79041    +057.38731  +039.01157            
  47  Point           +163.10539    +057.38721  +039.01477            
  48  Point           +164.71466    +057.38731  +039.01397            
  49  Point           +166.12054    +057.38722  +039.01237            
  50  Point           +167.77281    +057.38742  +039.01087            
  51  Point           +175.31029    +083.46462  +040.00987            
  52  Point           +176.98276    +083.46463  +040.00867            
  53  Point           +178.21824    +083.46494  +040.00837            
  54  Point           +179.87331    +083.46485  +040.00777            
  55  Point           +181.60288    +083.46466  +040.00657            
  56  Point           +175.66708    +077.93541  +040.01147            
  57  Point           +177.26215    +077.93542  +040.01047            
  58  Point           +178.44903    +077.93542  +040.01027            
  59  Point           +180.22720    +077.93553  +040.00957            
  60  Point           +182.36503    +077.93574  +040.00837            
  61  Point           +176.11164    +070.90867  +040.01287            
  62  Point           +177.14502    +070.90837  +040.01307            
  63  Point           +178.62589    +070.90808  +040.01317            
  64  Point           +180.83690    +070.90819  +040.04509            
  65  Point           +182.45863    +070.90809  +040.01127            
  66  Point           +176.07511    +064.41823  +040.01397            
  67  Point           +177.41869    +064.41834  +040.01417            
  68  Point           +178.71677    +064.41834  +040.01467            
  69  Point           +180.93983    +064.41845  +040.01527            
  70  Point           +182.87810    +064.41845  +040.01107            
  71  Point           +176.14005    +055.98599  +040.00847            
  72  Point           +177.11233    +055.98549  +040.00807            
  73  Point           +179.16060    +055.98549  +040.00767            
  74  Point           +181.28267    +055.98529  +040.00667            
  75  Point           +182.66114    +055.98510  +040.00597            
