
Step  Feature        X/R Location  Y/A Location  Z Location    Size    Reference
================================================================================
   1  Point           +154.59132    +078.09034  +015.68347            
   2  Point           +154.72857    +078.06786  +015.68297            
   3  Point           +154.69029    +078.05555  +015.68297            
   4  Point           +154.71417    +078.00995  +015.68167            
   5  Point           +154.73208    +077.97315  +015.68257            
   6  Point           +154.68631    +077.93446  +015.68237            
   7  Point           +154.66672    +077.96173  +015.68197            
   8  Point           +154.66423    +077.94534  +015.68107            
   9  Point           +154.65010    +077.97698  +015.68267            
  10  Point           +154.60978    +077.98135  +015.68287            
  11  Point           +154.61088    +077.98531  +015.68267            
  12  Point           +154.59189    +078.00760  +015.68387            
  13  Point           +154.62134    +078.00988  +015.68287            
  14  Point           +154.63541    +078.06864  +015.68257            
  15  Point           +154.67936    +078.07942  +015.68397            
  16  Point           +154.70418    +078.09874  +015.68267            
