Xu-20221004-test.RTN
Step  Feature        X/R Location  Y/A Location  Z Location    Size    Reference
================================================================================
   1  Plane           +041.62410    -027.65245  +000.01451  +089.81748
   2  Datum Plane                               +000.00000             1        
   3  Point           +000.34615    -000.00361  -000.00407            
   4  Point           +001.50062    -000.00126  +000.01683            
   5  Point           +000.01919    -000.32473  +000.01917            
   6  Point           +000.09091    -000.90008  +000.02031            
   7  Point           +008.29216    -068.83939  +000.02124            
   8  Point           +010.00562    -082.72192  +000.01686            
   9  Point           +010.66565    -082.85318  +000.01624            
  10  Point           +014.80923    -082.87430  +000.01082            
  11  Point           +114.43610    -004.54452  -000.01143            
  12  Point           +114.70973    -000.75653  -000.00193            
  13  Point           +112.60040    +000.00526  +000.02903            
  14  Point           +109.19634    +000.01261  +000.03379            
  15  Line            +000.92339    -000.00243  +000.00638  -179.88351 4 3      
  16  Line            +000.05505    -000.61240  +000.01974  -082.89363 5 6      
  17  Line            +009.14889    -075.78066  +000.01905  -082.96382 7 8      
  18  Line            +012.73744    -082.86374  +000.01353  -000.29194 9 10     
  19  Line            +114.57292    -002.65052  -000.00668  +085.86840 11 12    
  20  Line            +110.89837    +000.00894  +000.03141  +179.87625 13 14    
  21  Intersect       -000.02049    -000.00435  +000.00392  +096.99076 15 16    
  22  Intersect       +010.02141    -082.84990  +000.01695  +082.67186 17 18    
  23  Intersect       +114.76444    +000.00062  +000.01299  +094.00763 19 20    
  24  Datum Origin    +000.00000    +000.00000  +000.00000             21       
  25  Line            +057.39247    +000.00249  +000.00453  +000.00248 21 23    
  26  Line            +005.02095    -041.42277  +000.00652  -083.08876 21 22    
  27  Circle          +007.86950    -056.36005  +000.45918  +000.08028
  28  Circle          +007.89758    -056.66428  +000.46111  +000.07927
  29  Circle          +007.71530    -056.51976  +000.46068  +000.07705
  30  Circle          +008.04218    -056.50056  +000.46001  +000.07256
  31  Line            +007.88354    -056.51217  +000.46015  -084.72531 27 28    
  32  Line            +007.87874    -056.51016  +000.46035  +003.36118 29 30    
  33  Intersect       +007.88333    -056.50989  +000.46024  +088.08726 31 32    
