
Step  Feature        X/R Location  Y/A Location  Z Location    Size    Reference
================================================================================
   1  Point           +050.49548    +049.45270  +016.82513            
   2  Point           +054.58691    +049.45274  +016.82406            
   3  Point           +062.65147    +049.45274  +016.82158            
   4  Point           +070.97772    +049.45275  +016.81903            
   5  Point           +048.66204    +042.10280  +016.83026            
   6  Point           +055.42561    +042.10288  +016.82688            
   7  Point           +064.95393    +042.10296  +016.82126            
   8  Point           +073.48287    +042.10299  +016.81697            
   9  Point           +049.89651    +040.06933  +014.80723            
  10  Point           +056.31909    +040.06934  +014.80642            
  11  Point           +063.15899    +040.06940  +014.80567            
  12  Point           +070.63032    +040.06940  +014.80271            
  13  Point           +049.99557    +033.27332  +014.78788            
  14  Point           +056.37834    +033.27326  +014.78883            
  15  Point           +066.84469    +033.35644  +014.78333            
  16  Point           +072.67555    +034.33468  +014.78519            
