Xu-202302006-test-z.RTN
Step  Feature        X/R Location  Y/A Location  Z Location    Size    Reference
================================================================================
   1  Point           +131.21305    +085.97387  +015.67697            
   2  Point           +136.92775    +085.99143  +015.67697            
   3  Point           +177.92116    +086.00031  +015.67697            
   4  Point           +179.71724    +085.99960  +015.67697            
   5  Point           +180.49755    +085.57052  +015.67697            
   6  Point           +180.49206    +083.76855  +015.67697            
   7  Point           +180.50422    +066.65144  +015.67697            
   8  Point           +180.51081    +052.67914  +015.67697            
   9  Point           +179.86942    +051.31839  +015.67697            
  10  Point           +175.35163    +051.30494  +015.67697            
  11  Point           +145.40775    +051.29724  +015.67697            
  12  Point           +131.30656    +051.30747  +015.67697            
  13  Point           +130.86765    +052.05738  +015.67697            
  14  Point           +130.86153    +055.18139  +015.67697            
  15  Point           +130.80449    +080.00687  +015.67697            
  16  Point           +130.79630    +085.09481  +015.67697            
  17  Line            +134.07040    +085.98265  +015.67697  +000.17602 1 2      
  18  Line            +178.81920    +085.99996  +015.67697  -000.02245 3 4      
  19  Line            +180.49480    +084.66954  +015.67697  -090.17437 5 6      
  20  Line            +180.50752    +059.66529  +015.67697  -089.97301 7 8      
  21  Line            +177.61053    +051.31167  +015.67697  -179.82947 9 10     
  22  Line            +138.35716    +051.30236  +015.67697  +179.95846 11 12    
  23  Line            +130.86459    +053.61939  +015.67697  +090.11229 13 14    
  24  Line            +130.80039    +082.55084  +015.67697  +090.09227 15 16    
  25  Intersect       +130.79488    +085.97259  +015.67697  +089.91625 24 17    
  26  Intersect       +180.49885    +085.99930  +015.67697  +090.15192 18 19    
  27  Intersect       +180.51145    +051.32030  +015.67697  +089.85645 20 21    
  28  Intersect       +130.86912    +051.30779  +015.67697  +089.84617 22 23    
  29  Datum Origin    +000.00000    +000.00000  +000.00000             25       
  30  Line            +024.85198    +000.01336  +000.00000  +000.03079 25 26    
  31  Line            +049.71027    -017.31279  +000.00000  -089.97919 26 27    
  32  Intersect       -130.79488    -085.97259  -015.67697  +000.00000 27 28    
  33  Line            +024.89540    -034.65854  +000.00000  -179.98556 27 28    
  34  Line            +000.03712    -017.33240  +000.00000  +090.12271 28 25    
  35  Datum Axis      +000.00000                                       30       
  36  Point           +012.77460    -003.19600  +004.03249            
  37  Point           +015.46436    -003.15305  +004.03259            
  38  Point           +018.53288    -003.12346  +004.03259            
  39  Point           +020.44342    -003.11599  +004.03259            
  40  Point           +020.79679    -003.51179  +004.03259            
  41  Point           +020.84578    -005.92383  +004.03269            
  42  Point           +021.07919    -027.86298  +004.03259            
  43  Point           +021.10744    -032.36781  +004.03259            
  44  Point           +020.67506    -032.74043  +004.03259            
  45  Point           +017.87220    -032.78686  +004.03259            
  46  Point           +016.50994    -032.80134  +004.03259            
  47  Point           +014.74303    -032.82440  +004.03259            
  48  Point           +012.43828    -032.52947  +004.03259            
  49  Point           +012.40092    -030.23988  +004.03259            
  50  Point           +012.16236    -008.57993  +004.03259            
  51  Point           +012.12995    -003.42101  +004.03259            
  52  Line            +014.11948    -003.17452  +004.03254  +000.91476 36 37    
  53  Line            +019.48815    -003.11972  +004.03259  +000.22400 38 39    
  54  Line            +020.82129    -004.71781  +004.03264  -088.83656 40 41    
  55  Line            +021.09332    -030.11540  +004.03259  -089.64074 42 43    
  56  Line            +019.27363    -032.76364  +004.03259  -179.05111 44 45    
  57  Line            +015.62649    -032.81287  +004.03259  -179.25217 46 47    
  58  Line            +012.41960    -031.38467  +004.03259  +090.93499 48 49    
  59  Line            +012.14616    -006.00047  +004.03259  +090.35992 50 51    
  60  Intersect       +012.12860    -003.20631  +004.03253  +089.44516 52 59    
  61  Intersect       +020.78873    -003.11464  +004.03258  +089.06057 53 54    
  62  Intersect       +021.10973    -032.73323  +004.03259  +089.41037 55 56    
  63  Intersect       +012.44359    -032.85442  +004.03259  +089.81284 58 57    
  64  Line            +016.45867    -003.16047  +004.03256  +000.60649 60 61    
  65  Line            +020.94923    -017.92394  +004.03259  -089.37906 61 62    
  66  Line            +016.77666    -032.79383  +004.03259  -179.19886 62 63    
  67  Line            +012.28609    -018.03036  +004.03256  +090.60869 63 60    
  68  Point           +027.87821    -002.84924  +005.01429            
  69  Point           +030.31175    -002.81032  +005.01429            
  70  Point           +034.48657    -002.78646  +005.01429            
  71  Point           +035.68671    -002.80760  +004.99729            
  72  Point           +035.98964    -003.35391  +004.99729            
  73  Point           +036.01761    -005.39453  +004.99729            
  74  Point           +036.27426    -028.43180  +004.99729            
  75  Point           +036.29611    -032.03714  +004.99719            
  76  Point           +036.14750    -032.28935  +004.99719            
  77  Point           +034.49396    -032.32855  +004.99729            
  78  Point           +030.82070    -032.36825  +004.99729            
  79  Point           +028.17567    -032.35642  +004.99729            
  80  Point           +027.68547    -031.89612  +004.99729            
  81  Point           +027.62217    -028.56719  +004.99729            
  82  Point           +027.51448    -017.46120  +004.99729            
  83  Point           +027.42416    -004.86685  +004.99729            
  84  Line            +029.09498    -002.82978  +005.01429  +000.91626 68 69    
  85  Line            +035.08664    -002.79703  +005.00579  -001.00884 70 71    
  86  Line            +036.00362    -004.37422  +004.99729  -089.21464 72 73    
  87  Line            +036.28518    -030.23447  +004.99724  -089.65273 74 75    
  88  Line            +035.32073    -032.30895  +004.99724  -178.64203 76 77    
  89  Line            +029.49818    -032.36234  +004.99729  +179.74375 78 79    
  90  Line            +027.65382    -030.23166  +004.99729  +091.08919 80 81    
  91  Line            +027.46932    -011.16403  +004.99729  +090.41090 82 83    
  92  Intersect       +027.40974    -002.85673  +005.00579  +089.49464 84 91    
  93  Intersect       +035.98219    -002.81280  +004.99520  +088.20598 85 86    
  94  Intersect       +036.29762    -032.28579  +004.99718  +088.98930 87 88    
  95  Intersect       +027.69418    -032.35427  +004.99729  +088.65456 89 90    
  96  Line            +031.69597    -002.83477  +005.00049  +000.29361 92 93    
  97  Line            +036.13990    -017.54930  +004.99619  -089.38683 93 94    
  98  Line            +031.99590    -032.32003  +004.99724  -179.54398 94 95    
  99  Line            +027.55196    -017.60550  +005.00154  +090.55246 95 92    
