
Step  Feature        X/R Location  Y/A Location  Z Location    Size    Reference
================================================================================
   1  Point           +107.35424    +071.32103  +009.83425            
   2  Point           +113.68835    +055.09678  +009.78441            
   3  Point           +127.22257    +051.74405  +009.83499            
   4  Point           +144.71733    +051.74407  +009.80931            
   5  Point           +160.11575    +051.74420  +009.77032            
   6  Point           +174.30935    +056.31203  +009.69603            
   7  Point           +180.55667    +072.19156  +009.69541            
   8  Point           +174.77425    +084.92168  +009.77041            
   9  Point           +162.91577    +091.54860  +009.79176            
  10  Point           +142.78734    +091.54849  +009.81186            
  11  Point           +124.51181    +091.54832  +009.80756            
  12  Point           +114.91090    +085.00058  +009.90433            
  13  Point           +127.06217    +075.12473  +014.37428            
  14  Point           +127.06240    +069.00263  +014.33950            
  15  Point           +135.75644    +074.80938  +014.38031            
  16  Point           +135.75666    +069.65539  +014.35952            
  17  Point           +149.80468    +077.83108  +014.39193            
  18  Point           +150.13320    +069.00298  +014.34814            
  19  Point           +158.24591    +076.62467  +014.33674            
  20  Point           +158.24628    +069.22001  +014.33877            
